hypothesis:
 [[   8295.37011719]
 [ 170717.6875    ]
 [ 253477.09375   ]
 [  53632.5859375 ]
 [  -1013.03387451]
 [   8716.43554688]
 [ 242173.9375    ]
 [   -494.96841431]
 [   -750.22601318]
 [  25979.85351562]
 [   -410.93014526]
 [  38998.6796875 ]
 [  -1834.55944824]
 [  -2243.96459961]
 [ 228681.953125  ]
 [  26836.37890625]
 [   -410.93014526]
 [  52975.046875  ]
 [   -750.22601318]
 [ 257522.90625   ]
 [  -1013.03387451]
 [   8508.54394531]
 [   4023.6081543 ]
 [ 269555.375     ]
 [ 216853.625     ]
 [ 221810.90625   ]
 [   -927.7868042 ]
 [   -325.552948  ]
 [  -1633.97595215]
 [  27732.66210938]
 [  24442.67382812]
 [  25777.52148438]
 [   -833.46459961]
 [ 241666.4375    ]
 [   -410.93014526]
 [   8470.27148438]
 [   8087.64550781]
 [  -2243.96459961]
 [   -884.51245117]
 [  -2040.68469238]
 [  -2040.68469238]
 [  -2243.96459961]
 [ 155279.265625  ]
 [   8508.54394531]
 [  -2040.68469238]
 [ 261949.203125  ]
 [ -15285.01367188]
 [  -2040.68469238]
 [   -494.96841431]
 [ 258453.59375   ]
 [   8664.69921875]
 [ 243899.296875  ]
 [ 231538.703125  ]
 [   -494.96841431]
 [   -410.93014526]
 [ 116868.9296875 ]
 [   -494.96841431]
 [ 265546.125     ]
 [  15770.25585938]
 [   -927.7868042 ]
 [ 229911.828125  ]
 [ 203416.328125  ]
 [ 213620.75      ]
 [  -2040.68469238]
 [   -410.93014526]
 [  -1834.55944824]
 [   3747.16894531]
 [  63574.69140625]
 [  -1013.03387451]
 [  -3675.83227539]
 [   -325.552948  ]
 [  -1720.41320801]
 [  64466.32421875]
 [  -1982.40283203]
 [ 250739.953125  ]
 [  11410.45800781]
 [  -2040.68469238]
 [ 212291.234375  ]
 [   -494.96841431]
 [ 252534.171875  ]
 [ 243576.15625   ]
 [ 215608.625     ]
 [ 255748.703125  ]
 [   9219.51171875]
 [  14009.37695312]
 [ 266318.8125    ]
 [  -1633.97595215]
 [   -494.96841431]
 [  -2243.96459961]
 [ 214068.109375  ]
 [ 193288.296875  ]
 [   -410.93014526]
 [   -410.93014526]
 [   -410.93014526]
 [  46234.578125  ]
 [  -2243.96459961]
 [  -1770.60559082]
 [   8508.54394531]
 [  15293.40039062]
 [  19722.08203125]
 [ 214149.125     ]
 [  -1720.41320801]
 [   -410.93014526]
 [   -410.93014526]
 [  -1720.41320801]
 [ 229306.5       ]
 [  19031.8671875 ]
 [ 222518.0625    ]
 [  -2040.68469238]
 [ 252863.734375  ]
 [   -927.7868042 ]
 [   -494.96841431]
 [   8508.54394531]
 [  -1720.41320801]
 [  22056.015625  ]
 [   -410.93014526]
 [   8508.54394531]
 [   8716.43554688]
 [ 236794.703125  ]
 [   -410.93014526]
 [ -12223.13085938]
 [ 241875.015625  ]
 [  24022.109375  ]
 [  -1633.97595215]
 [   8295.37011719]
 [  -1633.97595215]
 [ 275179.8125    ]
 [  -2243.96459961]
 [  -2040.68469238]
 [ 230093.21875   ]
 [  -2040.68469238]
 [   -927.7868042 ]
 [   9436.40429688]
 [   8716.43554688]
 [   -410.93014526]
 [   -494.96841431]
 [ 241594.6875    ]
 [  -2243.96459961]
 [  -2243.96459961]
 [  -1720.41320801]
 [  -2040.68469238]
 [ 267069.        ]
 [ 267841.        ]
 [  25007.0078125 ]
 [ 194456.6875    ]
 [ 229971.78125   ]
 [   -325.552948  ]
 [  -1013.03387451]
 [  18713.69726562]
 [   -410.93014526]
 [  -2040.68469238]
 [  -6060.88964844]
 [ 256225.40625   ]
 [  -1834.55944824]
 [  -2452.3215332 ]
 [  -1633.97595215]
 [   -494.96841431]
 [  32985.37890625]
 [ 278567.5625    ]
 [ 270160.59375   ]
 [  -2243.96459961]
 [  12926.25195312]
 [ 181566.046875  ]
 [   8341.24804688]
 [  20750.51367188]
 [   8716.43554688]
 [  26534.10742188]
 [  -2243.96459961]
 [  -1633.97595215]
 [   -410.93014526]
 [ 203755.453125  ]
 [  -1834.55944824]
 [   -410.93014526]
 [ 263821.21875   ]
 [   8508.54394531]
 [   -410.93014526]
 [  11784.23144531]
 [   -494.96841431]
 [  -2243.96459961]
 [  -1720.41320801]
 [   8716.43554688]
 [   -750.22601318]
 [ 161626.265625  ]
 [  -2040.68469238]
 [ 179112.0625    ]
 [  11119.97753906]
 [ 215466.765625  ]
 [   -581.01513672]
 [   -410.93014526]
 [ 232668.703125  ]
 [   8716.43554688]
 [ 211391.75      ]
 [   8508.54394531]
 [ 246918.203125  ]
 [   -494.96841431]
 [  -2243.96459961]
 [   -325.552948  ]
 [ 235664.0625    ]
 [   8508.54394531]
 [  -1720.41320801]
 [ 199508.796875  ]
 [ 224671.625     ]
 [   -927.7868042 ]
 [  -1770.60559082]
 [  -1633.97595215]
 [ 238043.984375  ]
 [  -1834.55944824]
 [ 221207.359375  ]
 [  -1720.41320801]
 [ 245837.28125   ]
 [  -1720.41320801]
 [  -2040.68469238]
 [ 243219.328125  ]
 [  -2243.96459961]
 [   -410.93014526]
 [  69296.5078125 ]
 [   -410.93014526]
 [   8508.54394531]
 [  55394.0625    ]
 [ 214377.890625  ]
 [ 244136.296875  ]
 [ 257836.359375  ]
 [   -494.96841431]
 [  -1720.41320801]
 [  26520.58789062]
 [   -581.01513672]
 [   -410.93014526]
 [ 261959.4375    ]
 [  11526.55664062]
 [  -1720.41320801]
 [  27130.26171875]
 [ 249170.109375  ]
 [   -410.93014526]
 [  -1546.23693848]
 [ 226226.671875  ]
 [   9976.28417969]
 [   -927.7868042 ]
 [   -410.93014526]
 [  -2199.42578125]
 [   8716.43554688]
 [ 284653.1875    ]
 [   -410.93014526]
 [   8716.43554688]
 [   -410.93014526]
 [  -2243.96459961]
 [  -1834.55944824]
 [  10865.66894531]
 [  -1546.23693848]
 [ 206172.125     ]
 [ 201376.9375    ]
 [ 256741.6875    ]
 [  -2243.96459961]
 [ 217270.71875   ]
 [  -2243.96459961]
 [  32561.87695312]
 [ 264990.125     ]
 [  -1720.41320801]
 [  -1005.81835938]
 [ 195182.09375   ]
 [ 227597.03125   ]
 [   -750.22601318]
 [  51797.73046875]
 [  -1013.03387451]
 [  -1013.03387451]
 [   -494.96841431]
 [  -2243.96459961]
 [ 209122.375     ]
 [ 122245.3671875 ]
 [ 249966.53125   ]
 [   2919.72973633]
 [  -1720.41320801]
 [ 264892.46875   ]
 [   -410.93014526]
 [   -410.93014526]
 [   -410.93014526]
 [ 174642.8125    ]
 [  -1546.23693848]
 [  -2040.68469238]
 [  -1770.60559082]
 [ 250036.9375    ]
 [  -2452.3215332 ]
 [   1679.24023438]
 [ 243237.359375  ]
 [  21927.3828125 ]
 [  -1720.41320801]
 [  -1834.55944824]
 [  -1720.41320801]
 [  -1770.60559082]
 [ 123167.3203125 ]
 [ 246553.671875  ]
 [   -410.93014526]
 [   8508.54394531]
 [  -2040.68469238]
 [  -2243.96459961]
 [  19264.25      ]
 [ 249941.421875  ]
 [  37457.7421875 ]
 [   -410.93014526]
 [ 253107.5       ]
 [ 263244.5625    ]
 [   -494.96841431]
 [ 254413.6875    ]
 [   9618.68945312]
 [  -1633.97595215]
 [  -1982.40283203]
 [  -2243.96459961]
 [ 254350.609375  ]
 [  -1982.40283203]
 [  29093.62109375]
 [  -1770.60559082]
 [ 198874.828125  ]
 [  -1770.60559082]
 [ 250603.234375  ]
 [   -494.96841431]
 [  22705.9140625 ]
 [ 239984.84375   ]
 [  -2243.96459961]
 [  -1013.03387451]
 [   8716.43554688]
 [   8508.54394531]
 [   -410.93014526]
 [  -2040.68469238]
 [   -410.93014526]
 [   -325.552948  ]
 [  -1770.60559082]
 [  -2040.68469238]
 [  -2243.96459961]
 [  10056.04492188]
 [  35881.32421875]
 [   -410.93014526]
 [ 248704.1875    ]
 [ 262933.84375   ]
 [  -2243.96459961]
 [ 245313.078125  ]
 [ 244478.578125  ]
 [   -927.7868042 ]
 [   -494.96841431]
 [ 175550.21875   ]
 [  13514.63085938]
 [ 281637.4375    ]
 [ 243790.546875  ]
 [   8780.22167969]
 [   -494.96841431]
 [   -410.93014526]
 [ 232520.15625   ]
 [ 162834.9375    ]
 [  -1770.60559082]
 [  -2040.68469238]
 [   -494.96841431]
 [  29210.12890625]
 [  -2040.68469238]
 [   2593.54443359]
 [  -1633.97595215]
 [   5041.31005859]
 [   8637.15820312]
 [ 201420.15625   ]
 [   -581.01513672]
 [  22391.6484375 ]
 [  28332.94335938]
 [ 264649.6875    ]
 [   -410.93014526]
 [  -1546.23693848]
 [ 249066.21875   ]
 [ 177513.640625  ]
 [   -410.93014526]
 [   -494.96841431]
 [ 216586.6875    ]
 [ 204075.234375  ]
 [  -2040.68469238]
 [  -1720.41320801]
 [ 270336.40625   ]
 [  -1720.41320801]
 [  -2243.96459961]
 [ 205813.796875  ]
 [  -2040.68469238]
 [  -1633.97595215]
 [ 270966.46875   ]
 [   -664.68145752]
 [   -494.96841431]
 [  -2243.96459961]
 [ 176112.46875   ]
 [  60971.01171875]
 [   -927.7868042 ]
 [  -1834.55944824]
 [  -1770.60559082]
 [ 212120.96875   ]
 [ 240839.171875  ]
 [   -325.552948  ]
 [ 208816.796875  ]
 [ 263296.9375    ]
 [  -1633.97595215]
 [  -1633.97595215]
 [   -410.93014526]
 [   -494.96841431]
 [   8295.37011719]
 [  27184.171875  ]
 [  -2243.96459961]
 [   -581.01513672]
 [  52560.265625  ]
 [  -1720.41320801]
 [   -410.93014526]
 [   8927.1171875 ]
 [  -1982.40283203]
 [  -2243.96459961]
 [ 263101.96875   ]
 [  -2040.68469238]
 [  99421.6328125 ]
 [   -410.93014526]
 [  -1720.41320801]
 [ 213557.671875  ]
 [   -927.7868042 ]
 [  26383.69921875]
 [ 230897.265625  ]
 [  31667.91796875]
 [  -1013.03387451]
 [   8508.54394531]
 [   -581.01513672]
 [  -2040.68469238]
 [  28728.45703125]
 [  -2243.96459961]
 [   -494.96841431]
 [  -1284.78674316]
 [   -841.20080566]
 [ 205498.4375    ]
 [  -2243.96459961]
 [  -2243.96459961]
 [   -325.552948  ]
 [ 247353.734375  ]
 [ 231465.875     ]
 [  -1770.60559082]
 [  10959.02441406]
 [   8508.54394531]
 [ 241506.09375   ]
 [  -1720.41320801]
 [ 251530.84375   ]
 [  -2040.68469238]
 [   -410.93014526]
 [   -927.7868042 ]
 [ 258759.28125   ]
 [ 181874.40625   ]
 [  31803.59960938]
 [   -410.93014526]
 [   2118.6418457 ]
 [  -2040.68469238]
 [  -2243.96459961]
 [ 244681.140625  ]
 [   -410.93014526]
 [  -2040.68469238]
 [ 211789.234375  ]
 [   -410.93014526]
 [  36320.5390625 ]
 [   -494.96841431]
 [   -494.96841431]
 [  -2040.68469238]
 [ 196804.921875  ]
 [ 167963.15625   ]
 [   6407.58691406]
 [  43203.5859375 ]
 [  -2243.96459961]
 [  17328.82226562]
 [   8508.54394531]
 [  -2243.96459961]
 [  -1013.03387451]
 [   -927.7868042 ]
 [   -494.96841431]
 [   -410.93014526]
 [   8997.04003906]
 [   -410.93014526]
 [ 230025.859375  ]
 [   -410.93014526]
 [  11316.35839844]
 [   -494.96841431]
 [  -9483.26855469]
 [   4135.37402344]
 [   -833.46459961]
 [  79872.234375  ]
 [  -2243.96459961]
 [  -2452.3215332 ]
 [   -927.7868042 ]
 [  -1808.91467285]
 [  27495.48046875]
 [  24453.05078125]
 [  -2040.68469238]
 [  65052.56640625]
 [  -1633.97595215]
 [  -2040.68469238]
 [ 244373.953125  ]
 [  57830.4453125 ]
 [ 177971.796875  ]
 [   -494.96841431]
 [  30263.36914062]
 [  -1834.55944824]
 [  29208.06445312]
 [  -1013.03387451]
 [  -1720.41320801]
 [  -1013.03387451]
 [ 179184.078125  ]
 [ 263630.625     ]
 [   -927.7868042 ]
 [   -494.96841431]
 [  -2243.96459961]
 [  -2199.42578125]
 [   8508.54394531]
 [  -1013.03387451]
 [   -494.96841431]
 [   -494.96841431]
 [ 249264.0625    ]
 [  -2243.96459961]
 [ 187606.015625  ]
 [  24857.39648438]
 [    954.97509766]
 [ 192836.90625   ]
 [  24195.16992188]
 [   -927.7868042 ]
 [ 246719.890625  ]
 [   -410.93014526]
 [   -918.63726807]
 [  -2040.68469238]
 [  -1834.55944824]
 [  47871.45703125]
 [   8087.64550781]
 [  -1633.97595215]
 [  -1720.41320801]
 [  -1770.60559082]
 [  -2040.68469238]
 [  -1720.41320801]
 [   -494.96841431]
 [ 209565.671875  ]
 [  -2199.42578125]
 [ -18478.28125   ]
 [   -410.93014526]
 [   -927.7868042 ]
 [   -494.96841431]
 [   -410.93014526]
 [   -494.96841431]
 [   -410.93014526]
 [ 274954.59375   ]
 [ 190080.921875  ]
 [  -1834.55944824]
 [ 250736.203125  ]
 [  -1982.40283203]
 [   -410.93014526]
 [  -1982.40283203]
 [  -2040.68469238]
 [ 265094.5       ]
 [  -2243.96459961]
 [  -1770.60559082]
 [  -1633.97595215]
 [ 261907.65625   ]
 [   -410.93014526]
 [   -927.7868042 ]
 [ 243777.296875  ]
 [   9110.05175781]
 [   -410.93014526]
 [   -410.93014526]
 [   8716.43554688]
 [  -2243.96459961]
 [   -410.93014526]
 [  -1720.41320801]
 [ 234077.515625  ]
 [  -1633.97595215]
 [ 100694.3125    ]
 [   8508.54394531]
 [  -2040.68469238]
 [  32807.26171875]
 [   -750.22601318]
 [  -1720.41320801]
 [ 252919.40625   ]
 [ 233488.671875  ]
 [  -1633.97595215]
 [  23466.88867188]
 [  -2040.68469238]
 [   -325.552948  ]
 [   -410.93014526]
 [  -1982.40283203]
 [  -1720.41320801]
 [  -1720.41320801]
 [ 262922.625     ]
 [  -1720.41320801]
 [  -1013.03387451]
 [   -325.552948  ]
 [ 249231.515625  ]
 [  -1770.60559082]
 [  21449.41210938]
 [  -1633.97595215]
 [  -1555.87011719]
 [  13121.72167969]
 [  -1720.41320801]
 [  -2452.3215332 ]
 [   -410.93014526]
 [   -410.93014526]
 [   -410.93014526]
 [  -1834.55944824]
 [   8716.43554688]
 [  -1720.41320801]
 [  -2243.96459961]
 [ 195097.40625   ]
 [ 210225.75      ]
 [   -410.93014526]
 [ 231580.015625  ]
 [   -494.96841431]
 [  29881.765625  ]
 [  -2040.68469238]
 [  -2452.3215332 ]
 [  -2243.96459961]
 [ 191795.390625  ]
 [  -1633.97595215]
 [   8295.37011719]
 [  -1633.97595215]
 [  29752.27734375]
 [  -1720.41320801]
 [   -494.96841431]
 [  -2243.96459961]
 [   -927.7868042 ]
 [  -1834.55944824]
 [ 242850.21875   ]
 [  52591.02734375]
 [   8295.37011719]
 [ -33742.30078125]
 [   -410.93014526]
 [ 259290.921875  ]
 [ 193655.53125   ]
 [   -410.93014526]
 [   -410.93014526]
 [   -325.552948  ]
 [   8997.04003906]
 [ 203961.5       ]
 [  36195.8125    ]
 [ 206322.984375  ]
 [  -2040.68469238]
 [  -1633.97595215]
 [   -410.93014526]
 [ 173635.578125  ]
 [  -1720.41320801]
 [ 250776.703125  ]
 [   -927.7868042 ]
 [ 250976.0625    ]
 [   -410.93014526]
 [  18084.98046875]
 [  -2243.96459961]
 [  -2243.96459961]
 [   -494.96841431]
 [  64607.25      ]
 [   -410.93014526]
 [  -1720.41320801]
 [  31329.45898438]
 [   -494.96841431]
 [  23328.93945312]
 [ 239287.875     ]
 [  14437.41601562]
 [  -1770.60559082]
 [  -2243.96459961]
 [  -1720.41320801]
 [ 218123.        ]
 [  -1834.55944824]
 [   -664.68145752]
 [  -1633.97595215]
 [   8716.43554688]
 [ 209124.96875   ]
 [   -494.96841431]
 [  -8444.125     ]
 [  -1084.89135742]
 [  -1013.03387451]
 [ 188265.03125   ]
 [  -2040.68469238]
 [  -1982.40283203]
 [   8508.54394531]
 [ 227665.125     ]
 [   -494.96841431]
 [   8716.43554688]
 [ 209058.28125   ]
 [   -410.93014526]
 [   -410.93014526]
 [  -1720.41320801]
 [   -410.93014526]
 [  -2243.96459961]
 [  -1834.55944824]
 [ 194448.046875  ]
 [ 190345.703125  ]
 [   -410.93014526]
 [   -410.93014526]
 [   -918.63726807]
 [   -494.96841431]
 [  -1633.97595215]
 [   8295.37011719]
 [ 165005.765625  ]
 [  -2243.96459961]
 [   -494.96841431]
 [   -927.7868042 ]
 [  -2452.3215332 ]
 [ 195701.6875    ]
 [  -1720.41320801]
 [   -410.93014526]
 [ 292027.59375   ]
 [  -1546.23693848]
 [   -410.93014526]
 [ 265454.03125   ]
 [   8341.24804688]
 [   -927.7868042 ]
 [ 224758.953125  ]
 [ 255398.71875   ]
 [   -410.93014526]
 [  -2040.68469238]
 [  27049.29101562]
 [   8508.54394531]
 [ 239629.953125  ]
 [ 211190.015625  ]
 [  27762.36132812]
 [ 221412.828125  ]
 [   -410.93014526]
 [  28685.0703125 ]
 [  -1633.97595215]
 [   8716.43554688]
 [   -410.93014526]
 [   -927.7868042 ]
 [  18001.63085938]
 [  26035.30859375]
 [  40589.34375   ]
 [ 194198.671875  ]
 [  -1633.97595215]
 [  10378.97558594]
 [  91506.7109375 ]
 [   7874.63964844]
 [   -664.68145752]
 [ 200504.09375   ]
 [ 176994.28125   ]
 [   -804.36083984]
 [ 276844.71875   ]
 [ 140283.484375  ]
 [   8716.43554688]
 [  -1720.41320801]
 [   -841.20080566]
 [ 266989.4375    ]
 [ -11776.38378906]
 [ 261871.203125  ]
 [ 188476.671875  ]
 [  -1720.41320801]
 [  -1720.41320801]
 [   -325.552948  ]
 [  35786.29296875]
 [ 261074.71875   ]
 [ 208658.046875  ]
 [  -1834.55944824]
 [   -927.7868042 ]
 [  47584.95703125]
 [   -841.20080566]
 [ 246494.671875  ]
 [ 261234.9375    ]
 [  22994.05078125]
 [ 242736.        ]
 [   -325.552948  ]
 [  -2040.68469238]
 [   8295.37011719]
 [  26188.76757812]
 [   -410.93014526]
 [  -2199.42578125]
 [ 259720.359375  ]
 [  -2243.96459961]
 [ 262933.625     ]
 [  -1982.40283203]
 [  47518.640625  ]
 [   -581.01513672]
 [  -1633.97595215]
 [  -1720.41320801]
 [ 238318.296875  ]
 [   1390.56445312]
 [   -410.93014526]
 [  -2243.96459961]
 [ 245859.96875   ]
 [   8508.54394531]
 [   -750.22601318]
 [   -410.93014526]
 [ 222706.671875  ]
 [  26805.39648438]
 [ 218398.234375  ]
 [   -494.96841431]
 [ 265459.0625    ]
 [   -410.93014526]
 [  -1720.41320801]
 [   8508.54394531]
 [ 162834.90625   ]
 [   -410.93014526]
 [   -410.93014526]
 [ 183563.578125  ]
 [   -581.01513672]
 [  -1633.97595215]
 [   8508.54394531]
 [  -2040.68469238]
 [   -581.01513672]
 [ 178267.        ]
 [ 243185.703125  ]
 [   -410.93014526]
 [ 207082.984375  ]
 [   -918.63726807]
 [   -927.7868042 ]
 [ 269251.375     ]
 [  -1013.03387451]
 [   6457.3515625 ]
 [  -1720.41320801]
 [  33617.98046875]
 [  -2040.68469238]
 [   -325.552948  ]
 [ 199082.859375  ]
 [ 266597.28125   ]
 [   -494.96841431]
 [   -494.96841431]
 [   8716.43554688]
 [  -2040.68469238]
 [  -2040.68469238]
 [  -1720.41320801]
 [   8716.43554688]
 [ 191470.765625  ]
 [  24432.890625  ]
 [ 202650.546875  ]
 [ 175673.5       ]
 [ 222891.59375   ]
 [  43434.7421875 ]
 [ 277102.53125   ]
 [  -2243.96459961]
 [  -2243.96459961]
 [ 238072.140625  ]
 [ 251484.390625  ]
 [  -1770.60559082]
 [   -581.01513672]
 [   8508.54394531]
 [   -410.93014526]
 [   -410.93014526]
 [  24726.99804688]
 [   4730.80175781]
 [  10973.69628906]
 [  -1720.41320801]
 [ 263874.75      ]
 [   -410.93014526]
 [   8459.55957031]
 [  -1013.03387451]
 [   8295.37011719]
 [  -2199.42578125]
 [   2858.63964844]
 [ 185317.984375  ]
 [  16789.87304688]
 [ 254874.625     ]
 [  -1720.41320801]
 [  -1633.97595215]
 [   8927.1171875 ]
 [  -2243.96459961]
 [   -494.96841431]
 [ 254010.40625   ]
 [  -1546.23693848]
 [  -2243.96459961]
 [   -410.93014526]
 [ 228614.5625    ]
 [   -494.96841431]
 [   8716.43554688]
 [  -2243.96459961]
 [   4629.28271484]
 [ 217075.375     ]
 [ 154367.953125  ]
 [  -1555.87011719]
 [   -410.93014526]
 [  -2243.96459961]
 [  41215.86328125]
 [   -410.93014526]
 [ 236876.015625  ]
 [  -1633.97595215]
 [  29748.79882812]
 [   -841.20080566]
 [  -1770.60559082]
 [   -841.20080566]
 [  25847.9296875 ]
 [ 280232.15625   ]
 [  -1633.97595215]
 [ 251189.625     ]
 [   -494.96841431]
 [   -664.68145752]
 [   8508.54394531]
 [  -2243.96459961]
 [ 224320.8125    ]
 [   6462.33544922]
 [   -841.20080566]
 [ 166793.09375   ]
 [   -325.552948  ]
 [   9494.63085938]
 [   -581.01513672]
 [  -2040.68469238]
 [   -410.93014526]
 [  -2243.96459961]
 [  63242.7421875 ]
 [ 236179.265625  ]
 [  -2040.68469238]
 [  -1633.97595215]
 [  -1633.97595215]
 [   -410.93014526]] 
real_y:
 [[      0.]
 [ 182000.]
 [ 262000.]
 [  30000.]
 [      0.]
 [      0.]
 [ 259000.]
 [      0.]
 [      0.]
 [  16000.]
 [      0.]
 [  18000.]
 [      0.]
 [      0.]
 [ 236000.]
 [  32000.]
 [      0.]
 [  46000.]
 [      0.]
 [ 258000.]
 [      0.]
 [      0.]
 [  22000.]
 [ 261000.]
 [ 212000.]
 [ 228000.]
 [      0.]
 [      0.]
 [      0.]
 [  23000.]
 [  12000.]
 [  28000.]
 [      0.]
 [ 257000.]
 [      0.]
 [  14000.]
 [      0.]
 [      0.]
 [  10000.]
 [      0.]
 [      0.]
 [      0.]
 [ 166000.]
 [      0.]
 [      0.]
 [ 259000.]
 [  18000.]
 [      0.]
 [      0.]
 [ 260000.]
 [  30000.]
 [ 234000.]
 [ 229000.]
 [      0.]
 [      0.]
 [  80000.]
 [      0.]
 [ 259000.]
 [   7000.]
 [      0.]
 [ 238000.]
 [ 213000.]
 [ 223000.]
 [      0.]
 [      0.]
 [      0.]
 [   4000.]
 [  14000.]
 [      0.]
 [  10000.]
 [      0.]
 [      0.]
 [  40000.]
 [      0.]
 [ 258000.]
 [   6000.]
 [      0.]
 [ 203000.]
 [      0.]
 [ 260000.]
 [ 256000.]
 [ 212000.]
 [ 250000.]
 [      0.]
 [   7000.]
 [ 253000.]
 [      0.]
 [      0.]
 [      0.]
 [ 225000.]
 [ 196000.]
 [      0.]
 [      0.]
 [      0.]
 [  56000.]
 [      0.]
 [      0.]
 [      0.]
 [  22000.]
 [   6000.]
 [ 232000.]
 [      0.]
 [      0.]
 [      0.]
 [      0.]
 [ 209000.]
 [   5000.]
 [ 236000.]
 [      0.]
 [ 238000.]
 [      0.]
 [      0.]
 [      0.]
 [      0.]
 [  22000.]
 [      0.]
 [      0.]
 [      0.]
 [ 232000.]
 [      0.]
 [  16000.]
 [ 254000.]
 [  17000.]
 [      0.]
 [      0.]
 [      0.]
 [ 260000.]
 [      0.]
 [      0.]
 [ 221000.]
 [      0.]
 [      0.]
 [      0.]
 [      0.]
 [      0.]
 [      0.]
 [ 234000.]
 [      0.]
 [      0.]
 [      0.]
 [      0.]
 [ 262000.]
 [ 264000.]
 [  17000.]
 [ 200000.]
 [ 232000.]
 [      0.]
 [      0.]
 [  40000.]
 [      0.]
 [      0.]
 [  22000.]
 [ 247000.]
 [      0.]
 [      0.]
 [      0.]
 [      0.]
 [  26000.]
 [ 266000.]
 [ 262000.]
 [      0.]
 [  10000.]
 [ 192000.]
 [      0.]
 [   9000.]
 [      0.]
 [  17000.]
 [      0.]
 [      0.]
 [      0.]
 [ 201000.]
 [      0.]
 [      0.]
 [ 262000.]
 [      0.]
 [      0.]
 [  10000.]
 [      0.]
 [      0.]
 [      0.]
 [      0.]
 [      0.]
 [ 170000.]
 [      0.]
 [ 165000.]
 [   6000.]
 [ 229000.]
 [      0.]
 [      0.]
 [ 238000.]
 [      0.]
 [ 215000.]
 [      0.]
 [ 251000.]
 [      0.]
 [      0.]
 [      0.]
 [ 242000.]
 [      0.]
 [      0.]
 [ 200000.]
 [ 230000.]
 [      0.]
 [      0.]
 [      0.]
 [ 240000.]
 [      0.]
 [ 230000.]
 [      0.]
 [ 261000.]
 [      0.]
 [      0.]
 [ 231000.]
 [      0.]
 [      0.]
 [  66000.]
 [      0.]
 [      0.]
 [  26000.]
 [ 222000.]
 [ 238000.]
 [ 258000.]
 [      0.]
 [      0.]
 [  20000.]
 [      0.]
 [      0.]
 [ 261000.]
 [   6000.]
 [      0.]
 [  20000.]
 [ 250000.]
 [      0.]
 [      0.]
 [ 228000.]
 [   5000.]
 [      0.]
 [      0.]
 [      0.]
 [      0.]
 [ 261000.]
 [      0.]
 [      0.]
 [      0.]
 [      0.]
 [      0.]
 [  18000.]
 [      0.]
 [ 199000.]
 [ 216000.]
 [ 257000.]
 [      0.]
 [ 212000.]
 [      0.]
 [  27000.]
 [ 264000.]
 [      0.]
 [  22000.]
 [ 197000.]
 [ 245000.]
 [      0.]
 [  61000.]
 [      0.]
 [      0.]
 [      0.]
 [      0.]
 [ 207000.]
 [  86000.]
 [ 278000.]
 [  22000.]
 [      0.]
 [ 250000.]
 [      0.]
 [      0.]
 [      0.]
 [ 179000.]
 [      0.]
 [      0.]
 [      0.]
 [ 235000.]
 [      0.]
 [   2000.]
 [ 245000.]
 [  16000.]
 [      0.]
 [      0.]
 [      0.]
 [      0.]
 [ 110000.]
 [ 248000.]
 [      0.]
 [      0.]
 [      0.]
 [      0.]
 [  18000.]
 [ 247000.]
 [  28000.]
 [      0.]
 [ 255000.]
 [ 245000.]
 [      0.]
 [ 260000.]
 [  32000.]
 [      0.]
 [      0.]
 [      0.]
 [ 263000.]
 [      0.]
 [  22000.]
 [      0.]
 [ 209000.]
 [      0.]
 [ 261000.]
 [      0.]
 [  17000.]
 [ 256000.]
 [      0.]
 [      0.]
 [      0.]
 [      0.]
 [      0.]
 [      0.]
 [      0.]
 [      0.]
 [      0.]
 [      0.]
 [      0.]
 [   5000.]
 [  29000.]
 [      0.]
 [ 255000.]
 [ 240000.]
 [      0.]
 [ 247000.]
 [ 243000.]
 [      0.]
 [      0.]
 [ 144000.]
 [   6000.]
 [ 286000.]
 [ 238000.]
 [      0.]
 [      0.]
 [      0.]
 [ 232000.]
 [ 180000.]
 [      0.]
 [      0.]
 [      0.]
 [  17000.]
 [      0.]
 [   6000.]
 [      0.]
 [   8000.]
 [   5000.]
 [ 154000.]
 [      0.]
 [   9000.]
 [  20000.]
 [ 258000.]
 [      0.]
 [      0.]
 [ 237000.]
 [ 180000.]
 [      0.]
 [      0.]
 [ 210000.]
 [ 206000.]
 [      0.]
 [      0.]
 [ 258000.]
 [      0.]
 [      0.]
 [ 210000.]
 [      0.]
 [      0.]
 [ 254000.]
 [      0.]
 [      0.]
 [      0.]
 [ 186000.]
 [  68000.]
 [      0.]
 [      0.]
 [      0.]
 [ 207000.]
 [ 243000.]
 [      0.]
 [ 214000.]
 [ 260000.]
 [      0.]
 [      0.]
 [      0.]
 [      0.]
 [      0.]
 [  30000.]
 [      0.]
 [      0.]
 [  30000.]
 [      0.]
 [      0.]
 [      0.]
 [      0.]
 [      0.]
 [ 264000.]
 [      0.]
 [  60000.]
 [      0.]
 [      0.]
 [ 217000.]
 [      0.]
 [  36000.]
 [ 219000.]
 [  29000.]
 [      0.]
 [      0.]
 [      0.]
 [      0.]
 [  20000.]
 [      0.]
 [      0.]
 [  12000.]
 [      0.]
 [ 218000.]
 [      0.]
 [      0.]
 [      0.]
 [ 240000.]
 [ 231000.]
 [      0.]
 [   8000.]
 [      0.]
 [ 261000.]
 [      0.]
 [ 248000.]
 [      0.]
 [      0.]
 [      0.]
 [ 264000.]
 [ 180000.]
 [  26000.]
 [      0.]
 [   3000.]
 [      0.]
 [      0.]
 [ 249000.]
 [      0.]
 [      0.]
 [ 223000.]
 [      0.]
 [  37000.]
 [      0.]
 [      0.]
 [      0.]
 [ 193000.]
 [ 166000.]
 [      0.]
 [  46000.]
 [      0.]
 [  40000.]
 [      0.]
 [      0.]
 [      0.]
 [      0.]
 [      0.]
 [      0.]
 [      0.]
 [      0.]
 [ 229000.]
 [      0.]
 [   5000.]
 [      0.]
 [  18000.]
 [  34000.]
 [      0.]
 [  24000.]
 [      0.]
 [      0.]
 [      0.]
 [      0.]
 [  17000.]
 [  20000.]
 [      0.]
 [  48000.]
 [      0.]
 [      0.]
 [ 244000.]
 [  58000.]
 [ 188000.]
 [      0.]
 [  24000.]
 [      0.]
 [  17000.]
 [      0.]
 [      0.]
 [      0.]
 [ 197000.]
 [ 263000.]
 [      0.]
 [      0.]
 [      0.]
 [      0.]
 [      0.]
 [      0.]
 [      0.]
 [      0.]
 [ 253000.]
 [      0.]
 [ 196000.]
 [  16000.]
 [  10000.]
 [ 203000.]
 [  18000.]
 [      0.]
 [ 247000.]
 [      0.]
 [      0.]
 [      0.]
 [      0.]
 [  26000.]
 [      0.]
 [      0.]
 [      0.]
 [      0.]
 [      0.]
 [      0.]
 [      0.]
 [ 224000.]
 [      0.]
 [  18000.]
 [      0.]
 [      0.]
 [      0.]
 [      0.]
 [      0.]
 [      0.]
 [ 264000.]
 [ 188000.]
 [      0.]
 [ 253000.]
 [      0.]
 [      0.]
 [      0.]
 [      0.]
 [ 264000.]
 [      0.]
 [      0.]
 [      0.]
 [ 263000.]
 [      0.]
 [      0.]
 [ 255000.]
 [  10000.]
 [      0.]
 [      0.]
 [      0.]
 [      0.]
 [      0.]
 [      0.]
 [ 225000.]
 [      0.]
 [ 124000.]
 [      0.]
 [      0.]
 [  29000.]
 [      0.]
 [      0.]
 [ 206000.]
 [ 245000.]
 [      0.]
 [  18000.]
 [      0.]
 [      0.]
 [      0.]
 [      0.]
 [      0.]
 [      0.]
 [ 261000.]
 [      0.]
 [      0.]
 [      0.]
 [ 241000.]
 [      0.]
 [  11000.]
 [      0.]
 [      0.]
 [   8000.]
 [      0.]
 [      0.]
 [      0.]
 [      0.]
 [      0.]
 [      0.]
 [      0.]
 [      0.]
 [      0.]
 [ 208000.]
 [ 208000.]
 [      0.]
 [ 239000.]
 [      0.]
 [  20000.]
 [      0.]
 [      0.]
 [      0.]
 [ 194000.]
 [      0.]
 [      0.]
 [      0.]
 [  24000.]
 [      0.]
 [      0.]
 [      0.]
 [      0.]
 [      0.]
 [ 234000.]
 [  61000.]
 [      0.]
 [  18000.]
 [      0.]
 [ 246000.]
 [ 204000.]
 [      0.]
 [      0.]
 [      0.]
 [      0.]
 [ 218000.]
 [  18000.]
 [ 203000.]
 [      0.]
 [      0.]
 [      0.]
 [ 190000.]
 [      0.]
 [ 260000.]
 [      0.]
 [ 259000.]
 [      0.]
 [   6000.]
 [      0.]
 [      0.]
 [      0.]
 [  38000.]
 [      0.]
 [      0.]
 [  21000.]
 [      0.]
 [  40000.]
 [ 239000.]
 [  30000.]
 [      0.]
 [      0.]
 [      0.]
 [ 222000.]
 [      0.]
 [      0.]
 [      0.]
 [      0.]
 [ 219000.]
 [      0.]
 [  10000.]
 [  14000.]
 [      0.]
 [ 190000.]
 [      0.]
 [      0.]
 [      0.]
 [ 225000.]
 [      0.]
 [      0.]
 [ 205000.]
 [      0.]
 [      0.]
 [      0.]
 [      0.]
 [      0.]
 [      0.]
 [ 198000.]
 [ 191000.]
 [      0.]
 [      0.]
 [      0.]
 [      0.]
 [      0.]
 [      0.]
 [ 184000.]
 [      0.]
 [      0.]
 [      0.]
 [      0.]
 [ 204000.]
 [      0.]
 [      0.]
 [ 312000.]
 [      0.]
 [      0.]
 [ 263000.]
 [      0.]
 [      0.]
 [ 229000.]
 [ 257000.]
 [      0.]
 [      0.]
 [  20000.]
 [      0.]
 [ 245000.]
 [ 224000.]
 [  18000.]
 [ 202000.]
 [      0.]
 [  19000.]
 [      0.]
 [      0.]
 [      0.]
 [      0.]
 [  15000.]
 [  26000.]
 [  51000.]
 [ 202000.]
 [      0.]
 [   6000.]
 [  78000.]
 [      0.]
 [      0.]
 [ 202000.]
 [ 189000.]
 [  10000.]
 [ 218000.]
 [ 147000.]
 [      0.]
 [      0.]
 [      0.]
 [ 247000.]
 [  40000.]
 [ 264000.]
 [ 198000.]
 [      0.]
 [      0.]
 [      0.]
 [  34000.]
 [ 251000.]
 [ 211000.]
 [      0.]
 [      0.]
 [  59000.]
 [      0.]
 [ 245000.]
 [ 253000.]
 [  12000.]
 [ 243000.]
 [      0.]
 [      0.]
 [      0.]
 [  17000.]
 [      0.]
 [      0.]
 [ 263000.]
 [      0.]
 [ 262000.]
 [      0.]
 [  56000.]
 [      0.]
 [      0.]
 [      0.]
 [ 256000.]
 [   2000.]
 [      0.]
 [      0.]
 [ 252000.]
 [      0.]
 [      0.]
 [      0.]
 [ 243000.]
 [  19000.]
 [ 236000.]
 [      0.]
 [ 255000.]
 [      0.]
 [      0.]
 [      0.]
 [ 177000.]
 [      0.]
 [      0.]
 [ 183000.]
 [      0.]
 [      0.]
 [      0.]
 [      0.]
 [      0.]
 [ 180000.]
 [ 233000.]
 [      0.]
 [ 213000.]
 [      0.]
 [      0.]
 [ 260000.]
 [      0.]
 [   4000.]
 [      0.]
 [  13000.]
 [      0.]
 [      0.]
 [ 196000.]
 [ 259000.]
 [      0.]
 [      0.]
 [      0.]
 [      0.]
 [      0.]
 [      0.]
 [      0.]
 [ 234000.]
 [  12000.]
 [ 208000.]
 [ 172000.]
 [ 229000.]
 [  50000.]
 [ 263000.]
 [      0.]
 [      0.]
 [ 255000.]
 [ 248000.]
 [      0.]
 [      0.]
 [      0.]
 [      0.]
 [      0.]
 [  34000.]
 [   5000.]
 [  14000.]
 [      0.]
 [ 235000.]
 [      0.]
 [   4000.]
 [      0.]
 [      0.]
 [      0.]
 [   3000.]
 [ 190000.]
 [   8000.]
 [ 249000.]
 [      0.]
 [      0.]
 [      0.]
 [      0.]
 [      0.]
 [ 259000.]
 [      0.]
 [      0.]
 [      0.]
 [ 245000.]
 [      0.]
 [      0.]
 [      0.]
 [  24000.]
 [ 228000.]
 [ 164000.]
 [      0.]
 [      0.]
 [      0.]
 [  56000.]
 [      0.]
 [ 248000.]
 [      0.]
 [  19000.]
 [      0.]
 [      0.]
 [      0.]
 [  15000.]
 [ 259000.]
 [      0.]
 [ 249000.]
 [      0.]
 [      0.]
 [      0.]
 [      0.]
 [ 237000.]
 [   4000.]
 [      0.]
 [ 147000.]
 [      0.]
 [  36000.]
 [      0.]
 [      0.]
 [      0.]
 [      0.]
 [  30000.]
 [ 236000.]
 [      0.]
 [      0.]
 [      0.]
 [      0.]]
