/home/hadoop/anaconda2/envs/python27/bin/python /home/hadoop/PycharmProjects/test/dataload.py
Using Spark's default log4j profile: org/apache/spark/log4j-defaults.properties
Setting default log level to "WARN".
To adjust logging level use sc.setLogLevel(newLevel). For SparkR, use setLogLevel(newLevel).
18/01/24 14:56:00 WARN NativeCodeLoader: Unable to load native-hadoop library for your platform... using builtin-java classes where applicable
18/01/24 14:56:00 WARN Utils: Service 'SparkUI' could not bind on port 4040. Attempting port 4041.
[Stage 0:>                                                          (0 + 0) / 4]18/01/24 14:56:07 WARN TaskSetManager: Stage 0 contains a task of very large size (182 KB). The maximum recommended task size is 100 KB.
18/01/24 14:56:08 WARN TaskSetManager: Stage 1 contains a task of very large size (182 KB). The maximum recommended task size is 100 KB.
18/01/24 14:56:10 WARN TaskSetManager: Stage 16 contains a task of very large size (182 KB). The maximum recommended task size is 100 KB.
18/01/24 14:56:11 WARN TaskSetManager: Stage 17 contains a task of very large size (182 KB). The maximum recommended task size is 100 KB.
row:  1115  col:  6
inv01_train_y.shape:  (892, 1)
inv01_train_y Data:  [[      0.]
 [ 182000.]
 [ 262000.]
 [  30000.]
 [      0.]
 [      0.]
 [ 259000.]
 [      0.]
 [      0.]
 [  16000.]
 [      0.]
 [  18000.]
 [      0.]
 [      0.]
 [ 236000.]
 [  32000.]
 [      0.]
 [  46000.]
 [      0.]
 [ 258000.]
 [      0.]
 [      0.]
 [  22000.]
 [ 261000.]
 [ 212000.]
 [ 228000.]
 [      0.]
 [      0.]
 [      0.]
 [  23000.]
 [  12000.]
 [  28000.]
 [      0.]
 [ 257000.]
 [      0.]
 [  14000.]
 [      0.]
 [      0.]
 [  10000.]
 [      0.]
 [      0.]
 [      0.]
 [ 166000.]
 [      0.]
 [      0.]
 [ 259000.]
 [  18000.]
 [      0.]
 [      0.]
 [ 260000.]
 [  30000.]
 [ 234000.]
 [ 229000.]
 [      0.]
 [      0.]
 [  80000.]
 [      0.]
 [ 259000.]
 [   7000.]
 [      0.]
 [ 238000.]
 [ 213000.]
 [ 223000.]
 [      0.]
 [      0.]
 [      0.]
 [   4000.]
 [  14000.]
 [      0.]
 [  10000.]
 [      0.]
 [      0.]
 [  40000.]
 [      0.]
 [ 258000.]
 [   6000.]
 [      0.]
 [ 203000.]
 [      0.]
 [ 260000.]
 [ 256000.]
 [ 212000.]
 [ 250000.]
 [      0.]
 [   7000.]
 [ 253000.]
 [      0.]
 [      0.]
 [      0.]
 [ 225000.]
 [ 196000.]
 [      0.]
 [      0.]
 [      0.]
 [  56000.]
 [      0.]
 [      0.]
 [      0.]
 [  22000.]
 [   6000.]
 [ 232000.]
 [      0.]
 [      0.]
 [      0.]
 [      0.]
 [ 209000.]
 [   5000.]
 [ 236000.]
 [      0.]
 [ 238000.]
 [      0.]
 [      0.]
 [      0.]
 [      0.]
 [  22000.]
 [      0.]
 [      0.]
 [      0.]
 [ 232000.]
 [      0.]
 [  16000.]
 [ 254000.]
 [  17000.]
 [      0.]
 [      0.]
 [      0.]
 [ 260000.]
 [      0.]
 [      0.]
 [ 221000.]
 [      0.]
 [      0.]
 [      0.]
 [      0.]
 [      0.]
 [      0.]
 [ 234000.]
 [      0.]
 [      0.]
 [      0.]
 [      0.]
 [ 262000.]
 [ 264000.]
 [  17000.]
 [ 200000.]
 [ 232000.]
 [      0.]
 [      0.]
 [  40000.]
 [      0.]
 [      0.]
 [  22000.]
 [ 247000.]
 [      0.]
 [      0.]
 [      0.]
 [      0.]
 [  26000.]
 [ 266000.]
 [ 262000.]
 [      0.]
 [  10000.]
 [ 192000.]
 [      0.]
 [   9000.]
 [      0.]
 [  17000.]
 [      0.]
 [      0.]
 [      0.]
 [ 201000.]
 [      0.]
 [      0.]
 [ 262000.]
 [      0.]
 [      0.]
 [  10000.]
 [      0.]
 [      0.]
 [      0.]
 [      0.]
 [      0.]
 [ 170000.]
 [      0.]
 [ 165000.]
 [   6000.]
 [ 229000.]
 [      0.]
 [      0.]
 [ 238000.]
 [      0.]
 [ 215000.]
 [      0.]
 [ 251000.]
 [      0.]
 [      0.]
 [      0.]
 [ 242000.]
 [      0.]
 [      0.]
 [ 200000.]
 [ 230000.]
 [      0.]
 [      0.]
 [      0.]
 [ 240000.]
 [      0.]
 [ 230000.]
 [      0.]
 [ 261000.]
 [      0.]
 [      0.]
 [ 231000.]
 [      0.]
 [      0.]
 [  66000.]
 [      0.]
 [      0.]
 [  26000.]
 [ 222000.]
 [ 238000.]
 [ 258000.]
 [      0.]
 [      0.]
 [  20000.]
 [      0.]
 [      0.]
 [ 261000.]
 [   6000.]
 [      0.]
 [  20000.]
 [ 250000.]
 [      0.]
 [      0.]
 [ 228000.]
 [   5000.]
 [      0.]
 [      0.]
 [      0.]
 [      0.]
 [ 261000.]
 [      0.]
 [      0.]
 [      0.]
 [      0.]
 [      0.]
 [  18000.]
 [      0.]
 [ 199000.]
 [ 216000.]
 [ 257000.]
 [      0.]
 [ 212000.]
 [      0.]
 [  27000.]
 [ 264000.]
 [      0.]
 [  22000.]
 [ 197000.]
 [ 245000.]
 [      0.]
 [  61000.]
 [      0.]
 [      0.]
 [      0.]
 [      0.]
 [ 207000.]
 [  86000.]
 [ 278000.]
 [  22000.]
 [      0.]
 [ 250000.]
 [      0.]
 [      0.]
 [      0.]
 [ 179000.]
 [      0.]
 [      0.]
 [      0.]
 [ 235000.]
 [      0.]
 [   2000.]
 [ 245000.]
 [  16000.]
 [      0.]
 [      0.]
 [      0.]
 [      0.]
 [ 110000.]
 [ 248000.]
 [      0.]
 [      0.]
 [      0.]
 [      0.]
 [  18000.]
 [ 247000.]
 [  28000.]
 [      0.]
 [ 255000.]
 [ 245000.]
 [      0.]
 [ 260000.]
 [  32000.]
 [      0.]
 [      0.]
 [      0.]
 [ 263000.]
 [      0.]
 [  22000.]
 [      0.]
 [ 209000.]
 [      0.]
 [ 261000.]
 [      0.]
 [  17000.]
 [ 256000.]
 [      0.]
 [      0.]
 [      0.]
 [      0.]
 [      0.]
 [      0.]
 [      0.]
 [      0.]
 [      0.]
 [      0.]
 [      0.]
 [   5000.]
 [  29000.]
 [      0.]
 [ 255000.]
 [ 240000.]
 [      0.]
 [ 247000.]
 [ 243000.]
 [      0.]
 [      0.]
 [ 144000.]
 [   6000.]
 [ 286000.]
 [ 238000.]
 [      0.]
 [      0.]
 [      0.]
 [ 232000.]
 [ 180000.]
 [      0.]
 [      0.]
 [      0.]
 [  17000.]
 [      0.]
 [   6000.]
 [      0.]
 [   8000.]
 [   5000.]
 [ 154000.]
 [      0.]
 [   9000.]
 [  20000.]
 [ 258000.]
 [      0.]
 [      0.]
 [ 237000.]
 [ 180000.]
 [      0.]
 [      0.]
 [ 210000.]
 [ 206000.]
 [      0.]
 [      0.]
 [ 258000.]
 [      0.]
 [      0.]
 [ 210000.]
 [      0.]
 [      0.]
 [ 254000.]
 [      0.]
 [      0.]
 [      0.]
 [ 186000.]
 [  68000.]
 [      0.]
 [      0.]
 [      0.]
 [ 207000.]
 [ 243000.]
 [      0.]
 [ 214000.]
 [ 260000.]
 [      0.]
 [      0.]
 [      0.]
 [      0.]
 [      0.]
 [  30000.]
 [      0.]
 [      0.]
 [  30000.]
 [      0.]
 [      0.]
 [      0.]
 [      0.]
 [      0.]
 [ 264000.]
 [      0.]
 [  60000.]
 [      0.]
 [      0.]
 [ 217000.]
 [      0.]
 [  36000.]
 [ 219000.]
 [  29000.]
 [      0.]
 [      0.]
 [      0.]
 [      0.]
 [  20000.]
 [      0.]
 [      0.]
 [  12000.]
 [      0.]
 [ 218000.]
 [      0.]
 [      0.]
 [      0.]
 [ 240000.]
 [ 231000.]
 [      0.]
 [   8000.]
 [      0.]
 [ 261000.]
 [      0.]
 [ 248000.]
 [      0.]
 [      0.]
 [      0.]
 [ 264000.]
 [ 180000.]
 [  26000.]
 [      0.]
 [   3000.]
 [      0.]
 [      0.]
 [ 249000.]
 [      0.]
 [      0.]
 [ 223000.]
 [      0.]
 [  37000.]
 [      0.]
 [      0.]
 [      0.]
 [ 193000.]
 [ 166000.]
 [      0.]
 [  46000.]
 [      0.]
 [  40000.]
 [      0.]
 [      0.]
 [      0.]
 [      0.]
 [      0.]
 [      0.]
 [      0.]
 [      0.]
 [ 229000.]
 [      0.]
 [   5000.]
 [      0.]
 [  18000.]
 [  34000.]
 [      0.]
 [  24000.]
 [      0.]
 [      0.]
 [      0.]
 [      0.]
 [  17000.]
 [  20000.]
 [      0.]
 [  48000.]
 [      0.]
 [      0.]
 [ 244000.]
 [  58000.]
 [ 188000.]
 [      0.]
 [  24000.]
 [      0.]
 [  17000.]
 [      0.]
 [      0.]
 [      0.]
 [ 197000.]
 [ 263000.]
 [      0.]
 [      0.]
 [      0.]
 [      0.]
 [      0.]
 [      0.]
 [      0.]
 [      0.]
 [ 253000.]
 [      0.]
 [ 196000.]
 [  16000.]
 [  10000.]
 [ 203000.]
 [  18000.]
 [      0.]
 [ 247000.]
 [      0.]
 [      0.]
 [      0.]
 [      0.]
 [  26000.]
 [      0.]
 [      0.]
 [      0.]
 [      0.]
 [      0.]
 [      0.]
 [      0.]
 [ 224000.]
 [      0.]
 [  18000.]
 [      0.]
 [      0.]
 [      0.]
 [      0.]
 [      0.]
 [      0.]
 [ 264000.]
 [ 188000.]
 [      0.]
 [ 253000.]
 [      0.]
 [      0.]
 [      0.]
 [      0.]
 [ 264000.]
 [      0.]
 [      0.]
 [      0.]
 [ 263000.]
 [      0.]
 [      0.]
 [ 255000.]
 [  10000.]
 [      0.]
 [      0.]
 [      0.]
 [      0.]
 [      0.]
 [      0.]
 [ 225000.]
 [      0.]
 [ 124000.]
 [      0.]
 [      0.]
 [  29000.]
 [      0.]
 [      0.]
 [ 206000.]
 [ 245000.]
 [      0.]
 [  18000.]
 [      0.]
 [      0.]
 [      0.]
 [      0.]
 [      0.]
 [      0.]
 [ 261000.]
 [      0.]
 [      0.]
 [      0.]
 [ 241000.]
 [      0.]
 [  11000.]
 [      0.]
 [      0.]
 [   8000.]
 [      0.]
 [      0.]
 [      0.]
 [      0.]
 [      0.]
 [      0.]
 [      0.]
 [      0.]
 [      0.]
 [ 208000.]
 [ 208000.]
 [      0.]
 [ 239000.]
 [      0.]
 [  20000.]
 [      0.]
 [      0.]
 [      0.]
 [ 194000.]
 [      0.]
 [      0.]
 [      0.]
 [  24000.]
 [      0.]
 [      0.]
 [      0.]
 [      0.]
 [      0.]
 [ 234000.]
 [  61000.]
 [      0.]
 [  18000.]
 [      0.]
 [ 246000.]
 [ 204000.]
 [      0.]
 [      0.]
 [      0.]
 [      0.]
 [ 218000.]
 [  18000.]
 [ 203000.]
 [      0.]
 [      0.]
 [      0.]
 [ 190000.]
 [      0.]
 [ 260000.]
 [      0.]
 [ 259000.]
 [      0.]
 [   6000.]
 [      0.]
 [      0.]
 [      0.]
 [  38000.]
 [      0.]
 [      0.]
 [  21000.]
 [      0.]
 [  40000.]
 [ 239000.]
 [  30000.]
 [      0.]
 [      0.]
 [      0.]
 [ 222000.]
 [      0.]
 [      0.]
 [      0.]
 [      0.]
 [ 219000.]
 [      0.]
 [  10000.]
 [  14000.]
 [      0.]
 [ 190000.]
 [      0.]
 [      0.]
 [      0.]
 [ 225000.]
 [      0.]
 [      0.]
 [ 205000.]
 [      0.]
 [      0.]
 [      0.]
 [      0.]
 [      0.]
 [      0.]
 [ 198000.]
 [ 191000.]
 [      0.]
 [      0.]
 [      0.]
 [      0.]
 [      0.]
 [      0.]
 [ 184000.]
 [      0.]
 [      0.]
 [      0.]
 [      0.]
 [ 204000.]
 [      0.]
 [      0.]
 [ 312000.]
 [      0.]
 [      0.]
 [ 263000.]
 [      0.]
 [      0.]
 [ 229000.]
 [ 257000.]
 [      0.]
 [      0.]
 [  20000.]
 [      0.]
 [ 245000.]
 [ 224000.]
 [  18000.]
 [ 202000.]
 [      0.]
 [  19000.]
 [      0.]
 [      0.]
 [      0.]
 [      0.]
 [  15000.]
 [  26000.]
 [  51000.]
 [ 202000.]
 [      0.]
 [   6000.]
 [  78000.]
 [      0.]
 [      0.]
 [ 202000.]
 [ 189000.]
 [  10000.]
 [ 218000.]
 [ 147000.]
 [      0.]
 [      0.]
 [      0.]
 [ 247000.]
 [  40000.]
 [ 264000.]
 [ 198000.]
 [      0.]
 [      0.]
 [      0.]
 [  34000.]
 [ 251000.]
 [ 211000.]
 [      0.]
 [      0.]
 [  59000.]
 [      0.]
 [ 245000.]
 [ 253000.]
 [  12000.]
 [ 243000.]
 [      0.]
 [      0.]
 [      0.]
 [  17000.]
 [      0.]
 [      0.]
 [ 263000.]
 [      0.]
 [ 262000.]
 [      0.]
 [  56000.]
 [      0.]
 [      0.]
 [      0.]
 [ 256000.]
 [   2000.]
 [      0.]
 [      0.]
 [ 252000.]
 [      0.]
 [      0.]
 [      0.]
 [ 243000.]
 [  19000.]
 [ 236000.]
 [      0.]
 [ 255000.]
 [      0.]
 [      0.]
 [      0.]
 [ 177000.]
 [      0.]
 [      0.]
 [ 183000.]
 [      0.]
 [      0.]
 [      0.]
 [      0.]
 [      0.]
 [ 180000.]
 [ 233000.]
 [      0.]
 [ 213000.]
 [      0.]
 [      0.]
 [ 260000.]
 [      0.]
 [   4000.]
 [      0.]
 [  13000.]
 [      0.]
 [      0.]
 [ 196000.]
 [ 259000.]
 [      0.]
 [      0.]
 [      0.]
 [      0.]
 [      0.]
 [      0.]
 [      0.]
 [ 234000.]
 [  12000.]
 [ 208000.]
 [ 172000.]
 [ 229000.]
 [  50000.]
 [ 263000.]
 [      0.]
 [      0.]
 [ 255000.]
 [ 248000.]
 [      0.]
 [      0.]
 [      0.]
 [      0.]
 [      0.]
 [  34000.]
 [   5000.]
 [  14000.]
 [      0.]
 [ 235000.]
 [      0.]
 [   4000.]
 [      0.]
 [      0.]
 [      0.]
 [   3000.]
 [ 190000.]
 [   8000.]
 [ 249000.]
 [      0.]
 [      0.]
 [      0.]
 [      0.]
 [      0.]
 [ 259000.]
 [      0.]
 [      0.]
 [      0.]
 [ 245000.]
 [      0.]
 [      0.]
 [      0.]
 [  24000.]
 [ 228000.]
 [ 164000.]
 [      0.]
 [      0.]
 [      0.]
 [  56000.]
 [      0.]
 [ 248000.]
 [      0.]
 [  19000.]
 [      0.]
 [      0.]
 [      0.]
 [  15000.]
 [ 259000.]
 [      0.]
 [ 249000.]
 [      0.]
 [      0.]
 [      0.]
 [      0.]
 [ 237000.]
 [   4000.]
 [      0.]
 [ 147000.]
 [      0.]
 [  36000.]
 [      0.]
 [      0.]
 [      0.]
 [      0.]
 [  30000.]
 [ 236000.]
 [      0.]
 [      0.]
 [      0.]
 [      0.]]
inv01_train_y.shape:  (892, 1)
inv01_train_y:  [[      0.]
 [ 182000.]
 [ 262000.]
 [  30000.]
 [      0.]
 [      0.]
 [ 259000.]
 [      0.]
 [      0.]
 [  16000.]
 [      0.]
 [  18000.]
 [      0.]
 [      0.]
 [ 236000.]
 [  32000.]
 [      0.]
 [  46000.]
 [      0.]
 [ 258000.]
 [      0.]
 [      0.]
 [  22000.]
 [ 261000.]
 [ 212000.]
 [ 228000.]
 [      0.]
 [      0.]
 [      0.]
 [  23000.]
 [  12000.]
 [  28000.]
 [      0.]
 [ 257000.]
 [      0.]
 [  14000.]
 [      0.]
 [      0.]
 [  10000.]
 [      0.]
 [      0.]
 [      0.]
 [ 166000.]
 [      0.]
 [      0.]
 [ 259000.]
 [  18000.]
 [      0.]
 [      0.]
 [ 260000.]
 [  30000.]
 [ 234000.]
 [ 229000.]
 [      0.]
 [      0.]
 [  80000.]
 [      0.]
 [ 259000.]
 [   7000.]
 [      0.]
 [ 238000.]
 [ 213000.]
 [ 223000.]
 [      0.]
 [      0.]
 [      0.]
 [   4000.]
 [  14000.]
 [      0.]
 [  10000.]
 [      0.]
 [      0.]
 [  40000.]
 [      0.]
 [ 258000.]
 [   6000.]
 [      0.]
 [ 203000.]
 [      0.]
 [ 260000.]
 [ 256000.]
 [ 212000.]
 [ 250000.]
 [      0.]
 [   7000.]
 [ 253000.]
 [      0.]
 [      0.]
 [      0.]
 [ 225000.]
 [ 196000.]
 [      0.]
 [      0.]
 [      0.]
 [  56000.]
 [      0.]
 [      0.]
 [      0.]
 [  22000.]
 [   6000.]
 [ 232000.]
 [      0.]
 [      0.]
 [      0.]
 [      0.]
 [ 209000.]
 [   5000.]
 [ 236000.]
 [      0.]
 [ 238000.]
 [      0.]
 [      0.]
 [      0.]
 [      0.]
 [  22000.]
 [      0.]
 [      0.]
 [      0.]
 [ 232000.]
 [      0.]
 [  16000.]
 [ 254000.]
 [  17000.]
 [      0.]
 [      0.]
 [      0.]
 [ 260000.]
 [      0.]
 [      0.]
 [ 221000.]
 [      0.]
 [      0.]
 [      0.]
 [      0.]
 [      0.]
 [      0.]
 [ 234000.]
 [      0.]
 [      0.]
 [      0.]
 [      0.]
 [ 262000.]
 [ 264000.]
 [  17000.]
 [ 200000.]
 [ 232000.]
 [      0.]
 [      0.]
 [  40000.]
 [      0.]
 [      0.]
 [  22000.]
 [ 247000.]
 [      0.]
 [      0.]
 [      0.]
 [      0.]
 [  26000.]
 [ 266000.]
 [ 262000.]
 [      0.]
 [  10000.]
 [ 192000.]
 [      0.]
 [   9000.]
 [      0.]
 [  17000.]
 [      0.]
 [      0.]
 [      0.]
 [ 201000.]
 [      0.]
 [      0.]
 [ 262000.]
 [      0.]
 [      0.]
 [  10000.]
 [      0.]
 [      0.]
 [      0.]
 [      0.]
 [      0.]
 [ 170000.]
 [      0.]
 [ 165000.]
 [   6000.]
 [ 229000.]
 [      0.]
 [      0.]
 [ 238000.]
 [      0.]
 [ 215000.]
 [      0.]
 [ 251000.]
 [      0.]
 [      0.]
 [      0.]
 [ 242000.]
 [      0.]
 [      0.]
 [ 200000.]
 [ 230000.]
 [      0.]
 [      0.]
 [      0.]
 [ 240000.]
 [      0.]
 [ 230000.]
 [      0.]
 [ 261000.]
 [      0.]
 [      0.]
 [ 231000.]
 [      0.]
 [      0.]
 [  66000.]
 [      0.]
 [      0.]
 [  26000.]
 [ 222000.]
 [ 238000.]
 [ 258000.]
 [      0.]
 [      0.]
 [  20000.]
 [      0.]
 [      0.]
 [ 261000.]
 [   6000.]
 [      0.]
 [  20000.]
 [ 250000.]
 [      0.]
 [      0.]
 [ 228000.]
 [   5000.]
 [      0.]
 [      0.]
 [      0.]
 [      0.]
 [ 261000.]
 [      0.]
 [      0.]
 [      0.]
 [      0.]
 [      0.]
 [  18000.]
 [      0.]
 [ 199000.]
 [ 216000.]
 [ 257000.]
 [      0.]
 [ 212000.]
 [      0.]
 [  27000.]
 [ 264000.]
 [      0.]
 [  22000.]
 [ 197000.]
 [ 245000.]
 [      0.]
 [  61000.]
 [      0.]
 [      0.]
 [      0.]
 [      0.]
 [ 207000.]
 [  86000.]
 [ 278000.]
 [  22000.]
 [      0.]
 [ 250000.]
 [      0.]
 [      0.]
 [      0.]
 [ 179000.]
 [      0.]
 [      0.]
 [      0.]
 [ 235000.]
 [      0.]
 [   2000.]
 [ 245000.]
 [  16000.]
 [      0.]
 [      0.]
 [      0.]
 [      0.]
 [ 110000.]
 [ 248000.]
 [      0.]
 [      0.]
 [      0.]
 [      0.]
 [  18000.]
 [ 247000.]
 [  28000.]
 [      0.]
 [ 255000.]
 [ 245000.]
 [      0.]
 [ 260000.]
 [  32000.]
 [      0.]
 [      0.]
 [      0.]
 [ 263000.]
 [      0.]
 [  22000.]
 [      0.]
 [ 209000.]
 [      0.]
 [ 261000.]
 [      0.]
 [  17000.]
 [ 256000.]
 [      0.]
 [      0.]
 [      0.]
 [      0.]
 [      0.]
 [      0.]
 [      0.]
 [      0.]
 [      0.]
 [      0.]
 [      0.]
 [   5000.]
 [  29000.]
 [      0.]
 [ 255000.]
 [ 240000.]
 [      0.]
 [ 247000.]
 [ 243000.]
 [      0.]
 [      0.]
 [ 144000.]
 [   6000.]
 [ 286000.]
 [ 238000.]
 [      0.]
 [      0.]
 [      0.]
 [ 232000.]
 [ 180000.]
 [      0.]
 [      0.]
 [      0.]
 [  17000.]
 [      0.]
 [   6000.]
 [      0.]
 [   8000.]
 [   5000.]
 [ 154000.]
 [      0.]
 [   9000.]
 [  20000.]
 [ 258000.]
 [      0.]
 [      0.]
 [ 237000.]
 [ 180000.]
 [      0.]
 [      0.]
 [ 210000.]
 [ 206000.]
 [      0.]
 [      0.]
 [ 258000.]
 [      0.]
 [      0.]
 [ 210000.]
 [      0.]
 [      0.]
 [ 254000.]
 [      0.]
 [      0.]
 [      0.]
 [ 186000.]
 [  68000.]
 [      0.]
 [      0.]
 [      0.]
 [ 207000.]
 [ 243000.]
 [      0.]
 [ 214000.]
 [ 260000.]
 [      0.]
 [      0.]
 [      0.]
 [      0.]
 [      0.]
 [  30000.]
 [      0.]
 [      0.]
 [  30000.]
 [      0.]
 [      0.]
 [      0.]
 [      0.]
 [      0.]
 [ 264000.]
 [      0.]
 [  60000.]
 [      0.]
 [      0.]
 [ 217000.]
 [      0.]
 [  36000.]
 [ 219000.]
 [  29000.]
 [      0.]
 [      0.]
 [      0.]
 [      0.]
 [  20000.]
 [      0.]
 [      0.]
 [  12000.]
 [      0.]
 [ 218000.]
 [      0.]
 [      0.]
 [      0.]
 [ 240000.]
 [ 231000.]
 [      0.]
 [   8000.]
 [      0.]
 [ 261000.]
 [      0.]
 [ 248000.]
 [      0.]
 [      0.]
 [      0.]
 [ 264000.]
 [ 180000.]
 [  26000.]
 [      0.]
 [   3000.]
 [      0.]
 [      0.]
 [ 249000.]
 [      0.]
 [      0.]
 [ 223000.]
 [      0.]
 [  37000.]
 [      0.]
 [      0.]
 [      0.]
 [ 193000.]
 [ 166000.]
 [      0.]
 [  46000.]
 [      0.]
 [  40000.]
 [      0.]
 [      0.]
 [      0.]
 [      0.]
 [      0.]
 [      0.]
 [      0.]
 [      0.]
 [ 229000.]
 [      0.]
 [   5000.]
 [      0.]
 [  18000.]
 [  34000.]
 [      0.]
 [  24000.]
 [      0.]
 [      0.]
 [      0.]
 [      0.]
 [  17000.]
 [  20000.]
 [      0.]
 [  48000.]
 [      0.]
 [      0.]
 [ 244000.]
 [  58000.]
 [ 188000.]
 [      0.]
 [  24000.]
 [      0.]
 [  17000.]
 [      0.]
 [      0.]
 [      0.]
 [ 197000.]
 [ 263000.]
 [      0.]
 [      0.]
 [      0.]
 [      0.]
 [      0.]
 [      0.]
 [      0.]
 [      0.]
 [ 253000.]
 [      0.]
 [ 196000.]
 [  16000.]
 [  10000.]
 [ 203000.]
 [  18000.]
 [      0.]
 [ 247000.]
 [      0.]
 [      0.]
 [      0.]
 [      0.]
 [  26000.]
 [      0.]
 [      0.]
 [      0.]
 [      0.]
 [      0.]
 [      0.]
 [      0.]
 [ 224000.]
 [      0.]
 [  18000.]
 [      0.]
 [      0.]
 [      0.]
 [      0.]
 [      0.]
 [      0.]
 [ 264000.]
 [ 188000.]
 [      0.]
 [ 253000.]
 [      0.]
 [      0.]
 [      0.]
 [      0.]
 [ 264000.]
 [      0.]
 [      0.]
 [      0.]
 [ 263000.]
 [      0.]
 [      0.]
 [ 255000.]
 [  10000.]
 [      0.]
 [      0.]
 [      0.]
 [      0.]
 [      0.]
 [      0.]
 [ 225000.]
 [      0.]
 [ 124000.]
 [      0.]
 [      0.]
 [  29000.]
 [      0.]
 [      0.]
 [ 206000.]
 [ 245000.]
 [      0.]
 [  18000.]
 [      0.]
 [      0.]
 [      0.]
 [      0.]
 [      0.]
 [      0.]
 [ 261000.]
 [      0.]
 [      0.]
 [      0.]
 [ 241000.]
 [      0.]
 [  11000.]
 [      0.]
 [      0.]
 [   8000.]
 [      0.]
 [      0.]
 [      0.]
 [      0.]
 [      0.]
 [      0.]
 [      0.]
 [      0.]
 [      0.]
 [ 208000.]
 [ 208000.]
 [      0.]
 [ 239000.]
 [      0.]
 [  20000.]
 [      0.]
 [      0.]
 [      0.]
 [ 194000.]
 [      0.]
 [      0.]
 [      0.]
 [  24000.]
 [      0.]
 [      0.]
 [      0.]
 [      0.]
 [      0.]
 [ 234000.]
 [  61000.]
 [      0.]
 [  18000.]
 [      0.]
 [ 246000.]
 [ 204000.]
 [      0.]
 [      0.]
 [      0.]
 [      0.]
 [ 218000.]
 [  18000.]
 [ 203000.]
 [      0.]
 [      0.]
 [      0.]
 [ 190000.]
 [      0.]
 [ 260000.]
 [      0.]
 [ 259000.]
 [      0.]
 [   6000.]
 [      0.]
 [      0.]
 [      0.]
 [  38000.]
 [      0.]
 [      0.]
 [  21000.]
 [      0.]
 [  40000.]
 [ 239000.]
 [  30000.]
 [      0.]
 [      0.]
 [      0.]
 [ 222000.]
 [      0.]
 [      0.]
 [      0.]
 [      0.]
 [ 219000.]
 [      0.]
 [  10000.]
 [  14000.]
 [      0.]
 [ 190000.]
 [      0.]
 [      0.]
 [      0.]
 [ 225000.]
 [      0.]
 [      0.]
 [ 205000.]
 [      0.]
 [      0.]
 [      0.]
 [      0.]
 [      0.]
 [      0.]
 [ 198000.]
 [ 191000.]
 [      0.]
 [      0.]
 [      0.]
 [      0.]
 [      0.]
 [      0.]
 [ 184000.]
 [      0.]
 [      0.]
 [      0.]
 [      0.]
 [ 204000.]
 [      0.]
 [      0.]
 [ 312000.]
 [      0.]
 [      0.]
 [ 263000.]
 [      0.]
 [      0.]
 [ 229000.]
 [ 257000.]
 [      0.]
 [      0.]
 [  20000.]
 [      0.]
 [ 245000.]
 [ 224000.]
 [  18000.]
 [ 202000.]
 [      0.]
 [  19000.]
 [      0.]
 [      0.]
 [      0.]
 [      0.]
 [  15000.]
 [  26000.]
 [  51000.]
 [ 202000.]
 [      0.]
 [   6000.]
 [  78000.]
 [      0.]
 [      0.]
 [ 202000.]
 [ 189000.]
 [  10000.]
 [ 218000.]
 [ 147000.]
 [      0.]
 [      0.]
 [      0.]
 [ 247000.]
 [  40000.]
 [ 264000.]
 [ 198000.]
 [      0.]
 [      0.]
 [      0.]
 [  34000.]
 [ 251000.]
 [ 211000.]
 [      0.]
 [      0.]
 [  59000.]
 [      0.]
 [ 245000.]
 [ 253000.]
 [  12000.]
 [ 243000.]
 [      0.]
 [      0.]
 [      0.]
 [  17000.]
 [      0.]
 [      0.]
 [ 263000.]
 [      0.]
 [ 262000.]
 [      0.]
 [  56000.]
 [      0.]
 [      0.]
 [      0.]
 [ 256000.]
 [   2000.]
 [      0.]
 [      0.]
 [ 252000.]
 [      0.]
 [      0.]
 [      0.]
 [ 243000.]
 [  19000.]
 [ 236000.]
 [      0.]
 [ 255000.]
 [      0.]
 [      0.]
 [      0.]
 [ 177000.]
 [      0.]
 [      0.]
 [ 183000.]
 [      0.]
 [      0.]
 [      0.]
 [      0.]
 [      0.]
 [ 180000.]
 [ 233000.]
 [      0.]
 [ 213000.]
 [      0.]
 [      0.]
 [ 260000.]
 [      0.]
 [   4000.]
 [      0.]
 [  13000.]
 [      0.]
 [      0.]
 [ 196000.]
 [ 259000.]
 [      0.]
 [      0.]
 [      0.]
 [      0.]
 [      0.]
 [      0.]
 [      0.]
 [ 234000.]
 [  12000.]
 [ 208000.]
 [ 172000.]
 [ 229000.]
 [  50000.]
 [ 263000.]
 [      0.]
 [      0.]
 [ 255000.]
 [ 248000.]
 [      0.]
 [      0.]
 [      0.]
 [      0.]
 [      0.]
 [  34000.]
 [   5000.]
 [  14000.]
 [      0.]
 [ 235000.]
 [      0.]
 [   4000.]
 [      0.]
 [      0.]
 [      0.]
 [   3000.]
 [ 190000.]
 [   8000.]
 [ 249000.]
 [      0.]
 [      0.]
 [      0.]
 [      0.]
 [      0.]
 [ 259000.]
 [      0.]
 [      0.]
 [      0.]
 [ 245000.]
 [      0.]
 [      0.]
 [      0.]
 [  24000.]
 [ 228000.]
 [ 164000.]
 [      0.]
 [      0.]
 [      0.]
 [  56000.]
 [      0.]
 [ 248000.]
 [      0.]
 [  19000.]
 [      0.]/home/hadoop/anaconda2/envs/python27/bin/python /home/hadoop/PycharmProjects/test/dataload.py
Using Spark's default log4j profile: org/apache/spark/log4j-defaults.properties
Setting default log level to "WARN".
To adjust logging level use sc.setLogLevel(newLevel). For SparkR, use setLogLevel(newLevel).
18/01/24 14:56:00 WARN NativeCodeLoader: Unable to load native-hadoop library for your platform... using builtin-java classes where applicable
18/01/24 14:56:00 WARN Utils: Service 'SparkUI' could not bind on port 4040. Attempting port 4041.
[Stage 0:>                                                          (0 + 0) / 4]18/01/24 14:56:07 WARN TaskSetManager: Stage 0 contains a task of very large size (182 KB). The maximum recommended task size is 100 KB.
18/01/24 14:56:08 WARN TaskSetManager: Stage 1 contains a task of very large size (182 KB). The maximum recommended task size is 100 KB.
18/01/24 14:56:10 WARN TaskSetManager: Stage 16 contains a task of very large size (182 KB). The maximum recommended task size is 100 KB.
18/01/24 14:56:11 WARN TaskSetManager: Stage 17 contains a task of very large size (182 KB). The maximum recommended task size is 100 KB.
row:  1115  col:  6
inv01_train_y.shape:  (892, 1)
inv01_train_y Data:  [[      0.]
 [ 182000.]
 [ 262000.]
 [  30000.]
 [      0.]
 [      0.]
 [ 259000.]
 [      0.]
 [      0.]
 [  16000.]
 [      0.]
 [  18000.]
 [      0.]
 [      0.]
 [ 236000.]
 [  32000.]
 [      0.]
 [  46000.]
 [      0.]
 [ 258000.]
 [      0.]
 [      0.]
 [  22000.]
 [ 261000.]
 [ 212000.]
 [ 228000.]
 [      0.]
 [      0.]
 [      0.]
 [  23000.]
 [  12000.]
 [  28000.]
 [      0.]
 [ 257000.]
 [      0.]
 [  14000.]
 [      0.]
 [      0.]
 [  10000.]
 [      0.]
 [      0.]
 [      0.]
 [ 166000.]
 [      0.]
 [      0.]
 [ 259000.]
 [  18000.]
 [      0.]
 [      0.]
 [ 260000.]
 [  30000.]
 [ 234000.]
 [ 229000.]
 [      0.]
 [      0.]
 [  80000.]
 [      0.]
 [ 259000.]
 [   7000.]
 [      0.]
 [ 238000.]
 [ 213000.]
 [ 223000.]
 [      0.]
 [      0.]
 [      0.]
 [   4000.]
 [  14000.]
 [      0.]
 [  10000.]
 [      0.]
 [      0.]
 [  40000.]
 [      0.]
 [ 258000.]
 [   6000.]
 [      0.]
 [ 203000.]
 [      0.]
 [ 260000.]
 [ 256000.]
 [ 212000.]
 [ 250000.]
 [      0.]
 [   7000.]
 [ 253000.]
 [      0.]
 [      0.]
 [      0.]
 [ 225000.]
 [ 196000.]
 [      0.]
 [      0.]
 [      0.]
 [  56000.]
 [      0.]
 [      0.]
 [      0.]
 [  22000.]
 [   6000.]
 [ 232000.]
 [      0.]
 [      0.]
 [      0.]
 [      0.]
 [ 209000.]
 [   5000.]
 [ 236000.]
 [      0.]
 [ 238000.]
 [      0.]
 [      0.]
 [      0.]
 [      0.]
 [  22000.]
 [      0.]
 [      0.]
 [      0.]
 [ 232000.]
 [      0.]
 [  16000.]
 [ 254000.]
 [  17000.]
 [      0.]
 [      0.]
 [      0.]
 [ 260000.]
 [      0.]
 [      0.]
 [ 221000.]
 [      0.]
 [      0.]
 [      0.]
 [      0.]
 [      0.]
 [      0.]
 [ 234000.]
 [      0.]
 [      0.]
 [      0.]
 [      0.]
 [ 262000.]
 [ 264000.]
 [  17000.]
 [ 200000.]
 [ 232000.]
 [      0.]
 [      0.]
 [  40000.]
 [      0.]
 [      0.]
 [  22000.]
 [ 247000.]
 [      0.]
 [      0.]
 [      0.]
 [      0.]
 [  26000.]
 [ 266000.]
 [ 262000.]
 [      0.]
 [  10000.]
 [ 192000.]
 [      0.]
 [   9000.]
 [      0.]
 [  17000.]
 [      0.]
 [      0.]
 [      0.]
 [ 201000.]
 [      0.]
 [      0.]
 [ 262000.]
 [      0.]
 [      0.]
 [  10000.]
 [      0.]
 [      0.]
 [      0.]
 [      0.]
 [      0.]
 [ 170000.]
 [      0.]
 [ 165000.]
 [   6000.]
 [ 229000.]
 [      0.]
 [      0.]
 [ 238000.]
 [      0.]
 [ 215000.]
 [      0.]
 [ 251000.]
 [      0.]
 [      0.]
 [      0.]
 [ 242000.]
 [      0.]
 [      0.]
 [ 200000.]
 [ 230000.]
 [      0.]
 [      0.]
 [      0.]
 [ 240000.]
 [      0.]
 [ 230000.]
 [      0.]
 [ 261000.]
 [      0.]
 [      0.]
 [ 231000.]
 [      0.]
 [      0.]
 [  66000.]
 [      0.]
 [      0.]
 [  26000.]
 [ 222000.]
 [ 238000.]
 [ 258000.]
 [      0.]
 [      0.]
 [  20000.]
 [      0.]
 [      0.]
 [ 261000.]
 [   6000.]
 [      0.]
 [  20000.]
 [ 250000.]
 [      0.]
 [      0.]
 [ 228000.]
 [   5000.]
 [      0.]
 [      0.]
 [      0.]
 [      0.]
 [ 261000.]
 [      0.]
 [      0.]
 [      0.]
 [      0.]
 [      0.]
 [  18000.]
 [      0.]
 [ 199000.]
 [ 216000.]
 [ 257000.]
 [      0.]
 [ 212000.]
 [      0.]
 [  27000.]
 [ 264000.]
 [      0.]
 [  22000.]
 [ 197000.]
 [ 245000.]
 [      0.]
 [  61000.]
 [      0.]
 [      0.]
 [      0.]
 [      0.]
 [ 207000.]
 [  86000.]
 [ 278000.]
 [  22000.]
 [      0.]
 [ 250000.]
 [      0.]
 [      0.]
 [      0.]
 [ 179000.]
 [      0.]
 [      0.]
 [      0.]
 [ 235000.]
 [      0.]
 [   2000.]
 [ 245000.]
 [  16000.]
 [      0.]
 [      0.]
 [      0.]
 [      0.]
 [ 110000.]
 [ 248000.]
 [      0.]
 [      0.]
 [      0.]
 [      0.]
 [  18000.]
 [ 247000.]
 [  28000.]
 [      0.]
 [ 255000.]
 [ 245000.]
 [      0.]
 [ 260000.]
 [  32000.]
 [      0.]
 [      0.]
 [      0.]
 [ 263000.]
 [      0.]
 [  22000.]
 [      0.]
 [ 209000.]
 [      0.]
 [ 261000.]
 [      0.]
 [  17000.]
 [ 256000.]
 [      0.]
 [      0.]
 [      0.]
 [      0.]
 [      0.]
 [      0.]
 [      0.]
 [      0.]
 [      0.]
 [      0.]
 [      0.]
 [   5000.]
 [  29000.]
 [      0.]
 [ 255000.]
 [ 240000.]
 [      0.]
 [ 247000.]
 [ 243000.]
 [      0.]
 [      0.]
 [ 144000.]
 [   6000.]
 [ 286000.]
 [ 238000.]
 [      0.]
 [      0.]
 [      0.]
 [ 232000.]
 [ 180000.]
 [      0.]
 [      0.]
 [      0.]
 [  17000.]
 [      0.]
 [   6000.]
 [      0.]
 [   8000.]
 [   5000.]
 [ 154000.]
 [      0.]
 [   9000.]
 [  20000.]
 [ 258000.]
 [      0.]
 [      0.]
 [ 237000.]
 [ 180000.]
 [      0.]
 [      0.]
 [ 210000.]
 [ 206000.]
 [      0.]
 [      0.]
 [ 258000.]
 [      0.]
 [      0.]
 [ 210000.]
 [      0.]
 [      0.]
 [ 254000.]
 [      0.]
 [      0.]
 [      0.]
 [ 186000.]
 [  68000.]
 [      0.]
 [      0.]
 [      0.]
 [ 207000.]
 [ 243000.]
 [      0.]
 [ 214000.]
 [ 260000.]
 [      0.]
 [      0.]
 [      0.]
 [      0.]
 [      0.]
 [  30000.]
 [      0.]
 [      0.]
 [  30000.]
 [      0.]
 [      0.]
 [      0.]
 [      0.]
 [      0.]
 [ 264000.]
 [      0.]
 [  60000.]
 [      0.]
 [      0.]
 [ 217000.]
 [      0.]
 [  36000.]
 [ 219000.]
 [  29000.]
 [      0.]
 [      0.]
 [      0.]
 [      0.]
 [  20000.]
 [      0.]
 [      0.]
 [  12000.]
 [      0.]
 [ 218000.]
 [      0.]
 [      0.]
 [      0.]
 [ 240000.]
 [ 231000.]
 [      0.]
 [   8000.]
 [      0.]
 [ 261000.]
 [      0.]
 [ 248000.]
 [      0.]
 [      0.]
 [      0.]
 [ 264000.]
 [ 180000.]
 [  26000.]
 [      0.]
 [   3000.]
 [      0.]
 [      0.]
 [ 249000.]
 [      0.]
 [      0.]
 [ 223000.]
 [      0.]
 [  37000.]
 [      0.]
 [      0.]
 [      0.]
 [ 193000.]
 [ 166000.]
 [      0.]
 [  46000.]
 [      0.]
 [  40000.]
 [      0.]
 [      0.]
 [      0.]
 [      0.]
 [      0.]
 [      0.]
 [      0.]
 [      0.]
 [ 229000.]
 [      0.]
 [   5000.]
 [      0.]
 [  18000.]
 [  34000.]
 [      0.]
 [  24000.]
 [      0.]
 [      0.]
 [      0.]
 [      0.]
 [  17000.]
 [  20000.]
 [      0.]
 [  48000.]
 [      0.]
 [      0.]
 [ 244000.]
 [  58000.]
 [ 188000.]
 [      0.]
 [  24000.]
 [      0.]
 [  17000.]
 [      0.]
 [      0.]
 [      0.]
 [ 197000.]
 [ 263000.]
 [      0.]
 [      0.]
 [      0.]
 [      0.]
 [      0.]
 [      0.]
 [      0.]
 [      0.]
 [ 253000.]
 [      0.]
 [ 196000.]
 [  16000.]
 [  10000.]
 [ 203000.]
 [  18000.]
 [      0.]
 [ 247000.]
 [      0.]
 [      0.]
 [      0.]
 [      0.]
 [  26000.]
 [      0.]
 [      0.]
 [      0.]
 [      0.]
 [      0.]
 [      0.]
 [      0.]
 [ 224000.]
 [      0.]
 [  18000.]
 [      0.]
 [      0.]
 [      0.]
 [      0.]
 [      0.]
 [      0.]
 [ 264000.]
 [ 188000.]
 [      0.]
 [ 253000.]
 [      0.]
 [      0.]
 [      0.]
 [      0.]
 [ 264000.]
 [      0.]
 [      0.]
 [      0.]
 [ 263000.]
 [      0.]
 [      0.]
 [ 255000.]
 [  10000.]
 [      0.]
 [      0.]
 [      0.]
 [      0.]
 [      0.]
 [      0.]
 [ 225000.]
 [      0.]
 [ 124000.]
 [      0.]
 [      0.]
 [  29000.]
 [      0.]
 [      0.]
 [ 206000.]
 [ 245000.]
 [      0.]
 [  18000.]
 [      0.]
 [      0.]
 [      0.]
 [      0.]
 [      0.]
 [      0.]
 [ 261000.]
 [      0.]
 [      0.]
 [      0.]
 [ 241000.]
 [      0.]
 [  11000.]
 [      0.]
 [      0.]
 [   8000.]
 [      0.]
 [      0.]
 [      0.]
 [      0.]
 [      0.]
 [      0.]
 [      0.]
 [      0.]
 [      0.]
 [ 208000.]
 [ 208000.]
 [      0.]
 [ 239000.]
 [      0.]
 [  20000.]
 [      0.]
 [      0.]
 [      0.]
 [ 194000.]
 [      0.]
 [      0.]
 [      0.]
 [  24000.]
 [      0.]
 [      0.]
 [      0.]
 [      0.]
 [      0.]
 [ 234000.]
 [  61000.]
 [      0.]
 [  18000.]
 [      0.]
 [ 246000.]
 [ 204000.]
 [      0.]
 [      0.]
 [      0.]
 [      0.]
 [ 218000.]
 [  18000.]
 [ 203000.]
 [      0.]
 [      0.]
 [      0.]
 [ 190000.]
 [      0.]
 [ 260000.]
 [      0.]
 [ 259000.]
 [      0.]
 [   6000.]
 [      0.]
 [      0.]
 [      0.]
 [  38000.]
 [      0.]
 [      0.]
 [  21000.]
 [      0.]
 [  40000.]
 [ 239000.]
 [  30000.]
 [      0.]
 [      0.]
 [      0.]
 [ 222000.]
 [      0.]
 [      0.]
 [      0.]
 [      0.]
 [ 219000.]
 [      0.]
 [  10000.]
 [  14000.]
 [      0.]
 [ 190000.]
 [      0.]
 [      0.]
 [      0.]
 [ 225000.]
 [      0.]
 [      0.]
 [ 205000.]
 [      0.]
 [      0.]
 [      0.]
 [      0.]
 [      0.]
 [      0.]
 [ 198000.]
 [ 191000.]
 [      0.]
 [      0.]
 [      0.]
 [      0.]
 [      0.]
 [      0.]
 [ 184000.]
 [      0.]
 [      0.]
 [      0.]
 [      0.]
 [ 204000.]
 [      0.]
 [      0.]
 [ 312000.]
 [      0.]
 [      0.]
 [ 263000.]
 [      0.]
 [      0.]
 [ 229000.]
 [ 257000.]
 [      0.]
 [      0.]
 [  20000.]
 [      0.]
 [ 245000.]
 [ 224000.]
 [  18000.]
 [ 202000.]
 [      0.]
 [  19000.]
 [      0.]
 [      0.]
 [      0.]
 [      0.]
 [  15000.]
 [  26000.]
 [  51000.]
 [ 202000.]
 [      0.]
 [   6000.]
 [  78000.]
 [      0.]
 [      0.]
 [ 202000.]
 [ 189000.]
 [  10000.]
 [ 218000.]
 [ 147000.]
 [      0.]
 [      0.]
 [      0.]
 [ 247000.]
 [  40000.]
 [ 264000.]
 [ 198000.]
 [      0.]
 [      0.]
 [      0.]
 [  34000.]
 [ 251000.]
 [ 211000.]
 [      0.]
 [      0.]
 [  59000.]
 [      0.]
 [ 245000.]
 [ 253000.]
 [  12000.]
 [ 243000.]
 [      0.]
 [      0.]
 [      0.]
 [  17000.]
 [      0.]
 [      0.]
 [ 263000.]
 [      0.]
 [ 262000.]
 [      0.]
 [  56000.]
 [      0.]
 [      0.]
 [      0.]
 [ 256000.]
 [   2000.]
 [      0.]
 [      0.]
 [ 252000.]
 [      0.]
 [      0.]
 [      0.]
 [ 243000.]
 [  19000.]
 [ 236000.]
 [      0.]
 [ 255000.]
 [      0.]
 [      0.]
 [      0.]
 [ 177000.]
 [      0.]
 [      0.]
 [ 183000.]
 [      0.]
 [      0.]
 [      0.]
 [      0.]
 [      0.]
 [ 180000.]
 [ 233000.]
 [      0.]
 [ 213000.]
 [      0.]
 [      0.]
 [ 260000.]
 [      0.]
 [   4000.]
 [      0.]
 [  13000.]
 [      0.]
 [      0.]
 [ 196000.]
 [ 259000.]
 [      0.]
 [      0.]
 [      0.]
 [      0.]
 [      0.]
 [      0.]
 [      0.]
 [ 234000.]
 [  12000.]
 [ 208000.]
 [ 172000.]
 [ 229000.]
 [  50000.]
 [ 263000.]
 [      0.]
 [      0.]
 [ 255000.]
 [ 248000.]
 [      0.]
 [      0.]
 [      0.]
 [      0.]
 [      0.]
 [  34000.]
 [   5000.]
 [  14000.]
 [      0.]
 [ 235000.]
 [      0.]
 [   4000.]
 [      0.]
 [      0.]
 [      0.]
 [   3000.]
 [ 190000.]
 [   8000.]
 [ 249000.]
 [      0.]
 [      0.]
 [      0.]
 [      0.]
 [      0.]
 [ 259000.]
 [      0.]
 [      0.]
 [      0.]
 [ 245000.]
 [      0.]
 [      0.]
 [      0.]
 [  24000.]
 [ 228000.]
 [ 164000.]
 [      0.]
 [      0.]
 [      0.]
 [  56000.]
 [      0.]
 [ 248000.]
 [      0.]
 [  19000.]
 [      0.]
 [      0.]
 [      0.]
 [  15000.]
 [ 259000.]
 [      0.]
 [ 249000.]
 [      0.]
 [      0.]
 [      0.]
 [      0.]
 [ 237000.]
 [   4000.]
 [      0.]
 [ 147000.]
 [      0.]
 [  36000.]
 [      0.]
 [      0.]
 [      0.]
 [      0.]
 [  30000.]
 [ 236000.]
 [      0.]
 [      0.]
 [      0.]
 [      0.]]
inv01_train_y.shape:  (892, 1)
inv01_train_y:  [[      0.]
 [ 182000.]
 [ 262000.]
 [  30000.]
 [      0.]
 [      0.]
 [ 259000.]
 [      0.]
 [      0.]
 [  16000.]
 [      0.]
 [  18000.]
 [      0.]
 [      0.]
 [ 236000.]
 [  32000.]
 [      0.]
 [  46000.]
 [      0.]
 [ 258000.]
 [      0.]
 [      0.]
 [  22000.]
 [ 261000.]
 [ 212000.]
 [ 228000.]
 [      0.]
 [      0.]
 [      0.]
 [  23000.]
 [  12000.]
 [  28000.]
 [      0.]
 [ 257000.]
 [      0.]
 [  14000.]
 [      0.]
 [      0.]
 [  10000.]
 [      0.]
 [      0.]
 [      0.]
 [ 166000.]
 [      0.]
 [      0.]
 [ 259000.]
 [  18000.]
 [      0.]
 [      0.]
 [ 260000.]
 [  30000.]
 [ 234000.]
 [ 229000.]
 [      0.]
 [      0.]
 [  80000.]
 [      0.]
 [ 259000.]
 [   7000.]
 [      0.]
 [ 238000.]
 [ 213000.]
 [ 223000.]
 [      0.]
 [      0.]
 [      0.]
 [   4000.]
 [  14000.]
 [      0.]
 [  10000.]
 [      0.]
 [      0.]
 [  40000.]
 [      0.]
 [ 258000.]
 [   6000.]
 [      0.]
 [ 203000.]
 [      0.]
 [ 260000.]
 [ 256000.]
 [ 212000.]
 [ 250000.]
 [      0.]
 [   7000.]
 [ 253000.]
 [      0.]
 [      0.]
 [      0.]
 [ 225000.]
 [ 196000.]
 [      0.]
 [      0.]
 [      0.]
 [  56000.]
 [      0.]
 [      0.]
 [      0.]
 [  22000.]
 [   6000.]
 [ 232000.]
 [      0.]
 [      0.]
 [      0.]
 [      0.]
 [ 209000.]
 [   5000.]
 [ 236000.]
 [      0.]
 [ 238000.]
 [      0.]
 [      0.]
 [      0.]
 [      0.]
 [  22000.]
 [      0.]
 [      0.]
 [      0.]
 [ 232000.]
 [      0.]
 [  16000.]
 [ 254000.]
 [  17000.]
 [      0.]
 [      0.]
 [      0.]
 [ 260000.]
 [      0.]
 [      0.]
 [ 221000.]
 [      0.]
 [      0.]
 [      0.]
 [      0.]
 [      0.]
 [      0.]
 [ 234000.]
 [      0.]
 [      0.]
 [      0.]
 [      0.]
 [ 262000.]
 [ 264000.]
 [  17000.]
 [ 200000.]
 [ 232000.]
 [      0.]
 [      0.]
 [  40000.]
 [      0.]
 [      0.]
 [  22000.]
 [ 247000.]
 [      0.]
 [      0.]
 [      0.]
 [      0.]
 [  26000.]
 [ 266000.]
 [ 262000.]
 [      0.]
 [  10000.]
 [ 192000.]
 [      0.]
 [   9000.]
 [      0.]
 [  17000.]
 [      0.]
 [      0.]
 [      0.]
 [ 201000.]
 [      0.]
 [      0.]
 [ 262000.]
 [      0.]
 [      0.]
 [  10000.]
 [      0.]
 [      0.]
 [      0.]
 [      0.]
 [      0.]
 [ 170000.]
 [      0.]
 [ 165000.]
 [   6000.]
 [ 229000.]
 [      0.]
 [      0.]
 [ 238000.]
 [      0.]
 [ 215000.]
 [      0.]
 [ 251000.]
 [      0.]
 [      0.]
 [      0.]
 [ 242000.]
 [      0.]
 [      0.]
 [ 200000.]
 [ 230000.]
 [      0.]
 [      0.]
 [      0.]
 [ 240000.]
 [      0.]
 [ 230000.]
 [      0.]
 [ 261000.]
 [      0.]
 [      0.]
 [ 231000.]
 [      0.]
 [      0.]
 [  66000.]
 [      0.]
 [      0.]
 [  26000.]
 [ 222000.]
 [ 238000.]
 [ 258000.]
 [      0.]
 [      0.]
 [  20000.]
 [      0.]
 [      0.]
 [ 261000.]
 [   6000.]
 [      0.]
 [  20000.]
 [ 250000.]
 [      0.]
 [      0.]
 [ 228000.]
 [   5000.]
 [      0.]
 [      0.]
 [      0.]
 [      0.]
 [ 261000.]
 [      0.]
 [      0.]
 [      0.]
 [      0.]
 [      0.]
 [  18000.]
 [      0.]
 [ 199000.]
 [ 216000.]
 [ 257000.]
 [      0.]
 [ 212000.]
 [      0.]
 [  27000.]
 [ 264000.]
 [      0.]
 [  22000.]
 [ 197000.]
 [ 245000.]
 [      0.]
 [  61000.]
 [      0.]
 [      0.]
 [      0.]
 [      0.]
 [ 207000.]
 [  86000.]
 [ 278000.]
 [  22000.]
 [      0.]
 [ 250000.]
 [      0.]
 [      0.]
 [      0.]
 [ 179000.]
 [      0.]
 [      0.]
 [      0.]
 [ 235000.]
 [      0.]
 [   2000.]
 [ 245000.]
 [  16000.]
 [      0.]
 [      0.]
 [      0.]
 [      0.]
 [ 110000.]
 [ 248000.]
 [      0.]
 [      0.]
 [      0.]
 [      0.]
 [  18000.]
 [ 247000.]
 [  28000.]
 [      0.]
 [ 255000.]
 [ 245000.]
 [      0.]
 [ 260000.]
 [  32000.]
 [      0.]
 [      0.]
 [      0.]
 [ 263000.]
 [      0.]
 [  22000.]
 [      0.]
 [ 209000.]
 [      0.]
 [ 261000.]
 [      0.]
 [  17000.]
 [ 256000.]
 [      0.]
 [      0.]
 [      0.]
 [      0.]
 [      0.]
 [      0.]
 [      0.]
 [      0.]
 [      0.]
 [      0.]
 [      0.]
 [   5000.]
 [  29000.]
 [      0.]
 [ 255000.]
 [ 240000.]
 [      0.]
 [ 247000.]
 [ 243000.]
 [      0.]
 [      0.]
 [ 144000.]
 [   6000.]
 [ 286000.]
 [ 238000.]
 [      0.]
 [      0.]
 [      0.]
 [ 232000.]
 [ 180000.]
 [      0.]
 [      0.]
 [      0.]
 [  17000.]
 [      0.]
 [   6000.]
 [      0.]
 [   8000.]
 [   5000.]
 [ 154000.]
 [      0.]
 [   9000.]
 [  20000.]
 [ 258000.]
 [      0.]
 [      0.]
 [ 237000.]
 [ 180000.]
 [      0.]
 [      0.]
 [ 210000.]
 [ 206000.]
 [      0.]
 [      0.]
 [ 258000.]
 [      0.]
 [      0.]
 [ 210000.]
 [      0.]
 [      0.]
 [ 254000.]
 [      0.]
 [      0.]
 [      0.]
 [ 186000.]
 [  68000.]
 [      0.]
 [      0.]
 [      0.]
 [ 207000.]
 [ 243000.]
 [      0.]
 [ 214000.]
 [ 260000.]
 [      0.]
 [      0.]
 [      0.]
 [      0.]
 [      0.]
 [  30000.]
 [      0.]
 [      0.]
 [  30000.]
 [      0.]
 [      0.]
 [      0.]
 [      0.]
 [      0.]
 [ 264000.]
 [      0.]
 [  60000.]
 [      0.]
 [      0.]
 [ 217000.]
 [      0.]
 [  36000.]
 [ 219000.]
 [  29000.]
 [      0.]
 [      0.]
 [      0.]
 [      0.]
 [  20000.]
 [      0.]
 [      0.]
 [  12000.]
 [      0.]
 [ 218000.]
 [      0.]
 [      0.]
 [      0.]
 [ 240000.]
 [ 231000.]
 [      0.]
 [   8000.]
 [      0.]
 [ 261000.]
 [      0.]
 [ 248000.]
 [      0.]
 [      0.]
 [      0.]
 [ 264000.]
 [ 180000.]
 [  26000.]
 [      0.]
 [   3000.]
 [      0.]
 [      0.]
 [ 249000.]
 [      0.]
 [      0.]
 [ 223000.]
 [      0.]
 [  37000.]
 [      0.]
 [      0.]
 [      0.]
 [ 193000.]
 [ 166000.]
 [      0.]
 [  46000.]
 [      0.]
 [  40000.]
 [      0.]
 [      0.]
 [      0.]
 [      0.]
 [      0.]
 [      0.]
 [      0.]
 [      0.]
 [ 229000.]
 [      0.]
 [   5000.]
 [      0.]
 [  18000.]
 [  34000.]
 [      0.]
 [  24000.]
 [      0.]
 [      0.]
 [      0.]
 [      0.]
 [  17000.]
 [  20000.]
 [      0.]
 [  48000.]
 [      0.]
 [      0.]
 [ 244000.]
 [  58000.]
 [ 188000.]
 [      0.]
 [  24000.]
 [      0.]
 [  17000.]
 [      0.]
 [      0.]
 [      0.]
 [ 197000.]
 [ 263000.]
 [      0.]
 [      0.]
 [      0.]
 [      0.]
 [      0.]
 [      0.]
 [      0.]
 [      0.]
 [ 253000.]
 [      0.]
 [ 196000.]
 [  16000.]
 [  10000.]
 [ 203000.]
 [  18000.]
 [      0.]
 [ 247000.]
 [      0.]
 [      0.]
 [      0.]
 [      0.]
 [  26000.]
 [      0.]
 [      0.]
 [      0.]
 [      0.]
 [      0.]
 [      0.]
 [      0.]
 [ 224000.]
 [      0.]
 [  18000.]
 [      0.]
 [      0.]
 [      0.]
 [      0.]
 [      0.]
 [      0.]
 [ 264000.]
 [ 188000.]
 [      0.]
 [ 253000.]
 [      0.]
 [      0.]
 [      0.]
 [      0.]
 [ 264000.]
 [      0.]
 [      0.]
 [      0.]
 [ 263000.]
 [      0.]
 [      0.]
 [ 255000.]
 [  10000.]
 [      0.]
 [      0.]
 [      0.]
 [      0.]
 [      0.]
 [      0.]
 [ 225000.]
 [      0.]
 [ 124000.]
 [      0.]
 [      0.]
 [  29000.]
 [      0.]
 [      0.]
 [ 206000.]
 [ 245000.]
 [      0.]
 [  18000.]
 [      0.]
 [      0.]
 [      0.]
 [      0.]
 [      0.]
 [      0.]
 [ 261000.]
 [      0.]
 [      0.]
 [      0.]
 [ 241000.]
 [      0.]
 [  11000.]
 [      0.]
 [      0.]
 [   8000.]
 [      0.]
 [      0.]
 [      0.]
 [      0.]
 [      0.]
 [      0.]
 [      0.]
 [      0.]
 [      0.]
 [ 208000.]
 [ 208000.]
 [      0.]
 [ 239000.]
 [      0.]
 [  20000.]
 [      0.]
 [      0.]
 [      0.]
 [ 194000.]
 [      0.]
 [      0.]
 [      0.]
 [  24000.]
 [      0.]
 [      0.]
 [      0.]
 [      0.]
 [      0.]
 [ 234000.]
 [  61000.]
 [      0.]
 [  18000.]
 [      0.]
 [ 246000.]
 [ 204000.]
 [      0.]
 [      0.]
 [      0.]
 [      0.]
 [ 218000.]
 [  18000.]
 [ 203000.]
 [      0.]
 [      0.]
 [      0.]
 [ 190000.]
 [      0.]
 [ 260000.]
 [      0.]
 [ 259000.]
 [      0.]
 [   6000.]
 [      0.]
 [      0.]
 [      0.]
 [  38000.]
 [      0.]
 [      0.]
 [  21000.]
 [      0.]
 [  40000.]
 [ 239000.]
 [  30000.]
 [      0.]
 [      0.]
 [      0.]
 [ 222000.]
 [      0.]
 [      0.]
 [      0.]
 [      0.]
 [ 219000.]
 [      0.]
 [  10000.]
 [  14000.]
 [      0.]
 [ 190000.]
 [      0.]
 [      0.]
 [      0.]
 [ 225000.]
 [      0.]
 [      0.]
 [ 205000.]
 [      0.]
 [      0.]
 [      0.]
 [      0.]
 [      0.]
 [      0.]
 [ 198000.]
 [ 191000.]
 [      0.]
 [      0.]
 [      0.]
 [      0.]
 [      0.]
 [      0.]
 [ 184000.]
 [      0.]
 [      0.]
 [      0.]
 [      0.]
 [ 204000.]
 [      0.]
 [      0.]
 [ 312000.]
 [      0.]
 [      0.]
 [ 263000.]
 [      0.]
 [      0.]
 [ 229000.]
 [ 257000.]
 [      0.]
 [      0.]
 [  20000.]
 [      0.]
 [ 245000.]
 [ 224000.]
 [  18000.]
 [ 202000.]
 [      0.]
 [  19000.]
 [      0.]
 [      0.]
 [      0.]
 [      0.]
 [  15000.]
 [  26000.]
 [  51000.]
 [ 202000.]
 [      0.]
 [   6000.]
 [  78000.]
 [      0.]
 [      0.]
 [ 202000.]
 [ 189000.]
 [  10000.]
 [ 218000.]
 [ 147000.]
 [      0.]
 [      0.]
 [      0.]
 [ 247000.]
 [  40000.]
 [ 264000.]
 [ 198000.]
 [      0.]
 [      0.]
 [      0.]
 [  34000.]
 [ 251000.]
 [ 211000.]
 [      0.]
 [      0.]
 [  59000.]
 [      0.]
 [ 245000.]
 [ 253000.]
 [  12000.]
 [ 243000.]
 [      0.]
 [      0.]
 [      0.]
 [  17000.]
 [      0.]
 [      0.]
 [ 263000.]
 [      0.]
 [ 262000.]
 [      0.]
 [  56000.]
 [      0.]
 [      0.]
 [      0.]
 [ 256000.]
 [   2000.]
 [      0.]
 [      0.]
 [ 252000.]
 [      0.]
 [      0.]
 [      0.]
 [ 243000.]
 [  19000.]
 [ 236000.]
 [      0.]
 [ 255000.]
 [      0.]
 [      0.]
 [      0.]
 [ 177000.]
 [      0.]
 [      0.]
 [ 183000.]
 [      0.]
 [      0.]
 [      0.]
 [      0.]
 [      0.]
 [ 180000.]
 [ 233000.]
 [      0.]
 [ 213000.]
 [      0.]
 [      0.]
 [ 260000.]
 [      0.]
 [   4000.]
 [      0.]
 [  13000.]
 [      0.]
 [      0.]
 [ 196000.]
 [ 259000.]
 [      0.]
 [      0.]
 [      0.]
 [      0.]
 [      0.]
 [      0.]
 [      0.]
 [ 234000.]
 [  12000.]
 [ 208000.]
 [ 172000.]
 [ 229000.]
 [  50000.]
 [ 263000.]
 [      0.]
 [      0.]
 [ 255000.]
 [ 248000.]
 [      0.]
 [      0.]
 [      0.]
 [      0.]
 [      0.]
 [  34000.]
 [   5000.]
 [  14000.]
 [      0.]
 [ 235000.]
 [      0.]
 [   4000.]
 [      0.]
 [      0.]
 [      0.]
 [   3000.]
 [ 190000.]
 [   8000.]
 [ 249000.]
 [      0.]
 [      0.]
 [      0.]
 [      0.]
 [      0.]
 [ 259000.]
 [      0.]
 [      0.]
 [      0.]
 [ 245000.]
 [      0.]
 [      0.]
 [      0.]
 [  24000.]
 [ 228000.]
 [ 164000.]
 [      0.]
 [      0.]
 [      0.]
 [  56000.]
 [      0.]
 [ 248000.]
 [      0.]
 [  19000.]
 [      0.]
 [      0.]
 [      0.]
 [  15000.]
 [ 259000.]
 [      0.]
 [ 249000.]
 [      0.]
 [      0.]
 [      0.]
 [      0.]
 [ 237000.]
 [   4000.]
 [      0.]
 [ 147000.]
 [      0.]
 [  36000.]
 [      0.]
 [      0.]
 [      0.]
 [      0.]
 [  30000.]
 [ 236000.]
 [      0.]
 [      0.]
 [      0.]
 [      0.]]

Process finished with exit code 0

 [      0.]
 [      0.]
 [  15000.]
 [ 259000.]
 [      0.]
 [ 249000.]
 [      0.]
 [      0.]
 [      0.]
 [      0.]
 [ 237000.]
 [   4000.]
 [      0.]
 [ 147000.]
 [      0.]
 [  36000.]
 [      0.]
 [      0.]
 [      0.]
 [      0.]
 [  30000.]
 [ 236000.]
 [      0.]
 [      0.]
 [      0.]
 [      0.]]

Process finished with exit code 0
