hypothesis:
 [[  2.10174688e+04]
 [  1.73572406e+05]
 [  2.77875062e+05]
 [  2.73607656e+04]
 [ -5.27257764e+03]
 [  1.78562051e+04]
 [  2.22400828e+05]
 [  5.03969189e+03]
 [  1.98368591e+03]
 [  1.47358643e+04]
 [  1.98740527e+03]
 [ -1.12623535e+04]
 [  3.54762695e+03]
 [  3.37908545e+03]
 [  2.37537828e+05]
 [  2.95383789e+04]
 [  1.98740527e+03]
 [ -8.57245996e+03]
 [  6.84817871e+03]
 [  2.74181375e+05]
 [ -5.27257764e+03]
 [  1.78054355e+04]
 [  5.58798828e+04]
 [  2.60110312e+05]
 [  1.84702984e+05]
 [  2.18943203e+05]
 [ -5.25585938e+03]
 [  2.05336768e+03]
 [ -1.23069463e+04]
 [  2.12309199e+04]
 [  3.02734863e+03]
 [  2.79403867e+04]
 [  1.59804724e+03]
 [  2.20036078e+05]
 [  1.98740527e+03]
 [  2.79860137e+04]
 [ -1.09603818e+04]
 [  3.63999658e+03]
 [  2.47402559e+04]
 [  3.50725366e+03]
 [  3.41938452e+03]
 [  3.37908545e+03]
 [  1.93888219e+05]
 [  1.78054355e+04]
 [  3.41938452e+03]
 [  2.44489734e+05]
 [  3.60379648e+04]
 [  3.41938452e+03]
 [  1.96713501e+03]
 [  2.05960156e+05]
 [  5.87094922e+04]
 [  2.11056094e+05]
 [  2.53896781e+05]
 [  2.01278967e+03]
 [  2.03304150e+03]
 [  7.44556562e+04]
 [  3.28604639e+03]
 [  2.97641531e+05]
 [  7.40977930e+03]
 [ -5.25585938e+03]
 [  2.54017562e+05]
 [  2.26802984e+05]
 [  2.30355062e+05]
 [  3.33077148e+03]
 [  1.56673047e+03]
 [  3.45975781e+03]
 [  1.21838271e+04]
 [  3.19389922e+04]
 [ -5.22908008e+03]
 [  1.39593984e+04]
 [  2.96372949e+03]
 [ -1.23617881e+04]
 [  2.94697012e+04]
 [ -3.83697217e+03]
 [  2.66430906e+05]
 [ -8.97585876e+02]
 [  3.41938452e+03]
 [  1.96439672e+05]
 [  6.27636914e+03]
 [  2.57559234e+05]
 [  2.43537453e+05]
 [  2.12180703e+05]
 [  2.42253234e+05]
 [ -3.82801992e+04]
 [  6.34569727e+03]
 [  2.16505656e+05]
 [ -1.23483242e+04]
 [  2.01278967e+03]
 [  3.46689893e+03]
 [  1.87062500e+05]
 [  1.92893422e+05]
 [  2.03304150e+03]
 [  2.03304150e+03]
 [  2.03304150e+03]
 [  1.09314211e+05]
 [  3.55391260e+03]
 [ -3.78893701e+03]
 [  2.17983125e+04]
 [  1.77399844e+04]
 [  2.67204102e+03]
 [  2.88038750e+05]
 [ -1.23204473e+04]
 [  2.03304150e+03]
 [  1.98740527e+03]
 [ -1.23204473e+04]
 [  1.81339047e+05]
 [ -1.00747158e+04]
 [  2.63251125e+05]
 [  3.41938452e+03]
 [  2.48732531e+05]
 [ -5.25585938e+03]
 [  1.96713501e+03]
 [ -8.53372363e+03]
 [ -1.23204473e+04]
 [  6.87845156e+04]
 [  1.98740527e+03]
 [  1.78054355e+04]
 [  1.78562051e+04]
 [  2.13832922e+05]
 [  1.98740527e+03]
 [  9.85280273e+03]
 [  1.98545828e+05]
 [  1.04697646e+04]
 [ -1.23483242e+04]
 [  1.82178438e+04]
 [ -1.23069463e+04]
 [  2.54428422e+05]
 [  3.37908545e+03]
 [  3.41938452e+03]
 [  2.24178250e+05]
 [  3.59419287e+03]
 [ -5.25585938e+03]
 [ -1.84680156e+04]
 [  1.79367930e+04]
 [  2.03304150e+03]
 [  1.59404895e+03]
 [  2.46143469e+05]
 [  3.29037964e+03]
 [  3.29037964e+03]
 [ -1.23204473e+04]
 [  3.41938452e+03]
 [  2.29992719e+05]
 [  2.63865000e+05]
 [  1.32617910e+04]
 [  1.77148969e+05]
 [  2.29568078e+05]
 [  2.05336768e+03]
 [ -5.27257764e+03]
 [  9.21054810e+02]
 [  1.56673047e+03]
 [  3.50725366e+03]
 [  4.24663047e+04]
 [  2.04435203e+05]
 [  3.45975781e+03]
 [  3.33705713e+03]
 [ -1.23069463e+04]
 [  4.27682031e+03]
 [  7.06513125e+04]
 [  2.53796547e+05]
 [  2.73473656e+05]
 [  3.37908545e+03]
 [  1.30286543e+04]
 [  1.88017234e+05]
 [ -4.15221719e+04]
 [  3.89826685e+03]
 [  1.78562051e+04]
 [  1.71327949e+04]
 [  3.55391260e+03]
 [ -1.23069463e+04]
 [  1.56673047e+03]
 [  1.77977812e+05]
 [  3.45975781e+03]
 [  2.03304150e+03]
 [  2.66660250e+05]
 [  8.37829297e+03]
 [  1.56673047e+03]
 [  3.60189209e+03]
 [  7.34798242e+03]
 [  3.37908545e+03]
 [ -1.23204473e+04]
 [  1.79367930e+04]
 [  3.19170581e+03]
 [  1.57508562e+05]
 [  3.50725366e+03]
 [  1.60409281e+05]
 [  1.11611045e+04]
 [  2.12499797e+05]
 [  6.59282812e+03]
 [  2.16875977e+03]
 [  2.25424938e+05]
 [  1.79367930e+04]
 [  2.07861188e+05]
 [  1.78860430e+04]
 [  2.17949047e+05]
 [  2.01278967e+03]
 [  3.46689893e+03]
 [  2.00773145e+03]
 [  2.42553078e+05]
 [  1.78054355e+04]
 [ -1.23204473e+04]
 [  1.72977500e+05]
 [  2.00687922e+05]
 [ -5.21238037e+03]
 [ -3.71466211e+03]
 [ -1.23069463e+04]
 [  2.58005891e+05]
 [  3.45975781e+03]
 [  2.36786266e+05]
 [ -1.23204473e+04]
 [  2.26612766e+05]
 [ -1.23617881e+04]
 [  3.50725366e+03]
 [  2.28584281e+05]
 [  3.46689893e+03]
 [  1.61435657e+03]
 [  3.86244297e+04]
 [  1.98740527e+03]
 [  1.78860430e+04]
 [  2.59291973e+04]
 [  1.72172297e+05]
 [  2.30007672e+05]
 [  2.80578531e+05]
 [  1.96713501e+03]
 [ -1.23204473e+04]
 [  5.09239502e+03]
 [  6.84916455e+03]
 [  1.98740527e+03]
 [  2.67426938e+05]
 [  6.12930664e+03]
 [ -1.23204473e+04]
 [  8.10233691e+03]
 [  2.66502188e+05]
 [  1.98740527e+03]
 [ -1.22934453e+04]
 [  2.38657016e+05]
 [ -2.22929199e+03]
 [ -5.25585938e+03]
 [  1.56673047e+03]
 [ -3.88686694e+03]
 [  1.79367930e+04]
 [  2.72567156e+05]
 [  2.03304150e+03]
 [  1.79367930e+04]
 [  2.03304150e+03]
 [  3.37908545e+03]
 [  3.54762695e+03]
 [  1.36630791e+04]
 [ -1.22934453e+04]
 [  1.71600844e+05]
 [  1.93832359e+05]
 [  2.47187000e+05]
 [  3.55391260e+03]
 [  2.00017203e+05]
 [  3.37908545e+03]
 [  2.61162422e+04]
 [  2.74321219e+05]
 [ -1.23204473e+04]
 [  3.70821289e+04]
 [  2.34159672e+05]
 [  2.74029125e+05]
 [  4.71395312e+03]
 [  1.18341617e+05]
 [ -5.27257764e+03]
 [ -5.27257764e+03]
 [  2.01278967e+03]
 [  3.46689893e+03]
 [  2.42129141e+05]
 [  7.63407422e+04]
 [  1.80069656e+05]
 [  1.22596084e+04]
 [ -1.22792559e+04]
 [  2.35663844e+05]
 [  2.03304150e+03]
 [  1.98740527e+03]
 [  1.66170361e+03]
 [  2.00409609e+05]
 [ -1.22934453e+04]
 [  3.41938452e+03]
 [ -3.71466211e+03]
 [  2.32168188e+05]
 [  3.42492627e+03]
 [  8.97778320e+03]
 [  2.58626234e+05]
 [  1.03459297e+04]
 [ -1.23204473e+04]
 [  3.45975781e+03]
 [ -1.23204473e+04]
 [ -3.71466211e+03]
 [  5.22315430e+04]
 [  2.45032250e+05]
 [  1.98740527e+03]
 [  5.25247461e+03]
 [  3.50725366e+03]
 [  3.46689893e+03]
 [ -9.75368262e+03]
 [  2.64759906e+05]
 [  1.61741748e+04]
 [  1.98740527e+03]
 [  2.58708719e+05]
 [  2.19539281e+05]
 [  5.43546582e+03]
 [  2.51665016e+05]
 [  1.13751240e+04]
 [ -1.23069463e+04]
 [ -3.76277148e+03]
 [  3.55391260e+03]
 [  2.95486719e+05]
 [ -3.76277148e+03]
 [  2.04287441e+04]
 [ -3.64126099e+03]
 [  1.95235688e+05]
 [ -3.71466211e+03]
 [  2.67481250e+05]
 [  5.38112646e+03]
 [  1.21323613e+04]
 [  2.15690656e+05]
 [  3.29037964e+03]
 [ -5.27257764e+03]
 [  1.78562051e+04]
 [  1.78054355e+04]
 [  1.61435657e+03]
 [  3.50725366e+03]
 [  1.56673047e+03]
 [  1.63477563e+03]
 [ -3.71466211e+03]
 [  3.59419287e+03]
 [  3.37908545e+03]
 [  1.12668730e+04]
 [  4.02254336e+04]
 [  1.98740527e+03]
 [  2.10557141e+05]
 [  2.46767828e+05]
 [  3.63999658e+03]
 [  2.38699484e+05]
 [  2.23257281e+05]
 [ -5.25585938e+03]
 [  1.96713501e+03]
 [  9.81937266e+04]
 [ -2.16688159e+03]
 [  3.38732438e+05]
 [  2.32018750e+05]
 [ -4.05513711e+04]
 [  2.01278967e+03]
 [  1.56673047e+03]
 [  2.20930531e+05]
 [  1.72564578e+05]
 [ -3.78893701e+03]
 [  3.50725366e+03]
 [  2.01278967e+03]
 [  6.86750098e+03]
 [  3.33077148e+03]
 [  1.52136865e+04]
 [ -1.23483242e+04]
 [  1.46217451e+04]
 [ -1.24318604e+02]
 [  1.25261766e+05]
 [  6.56236719e+03]
 [ -1.31776230e+04]
 [  2.73148613e+04]
 [  2.59416953e+05]
 [  3.68957520e+03]
 [ -1.22934453e+04]
 [  2.37829688e+05]
 [  1.72353875e+05]
 [  5.66439062e+03]
 [  1.54640442e+03]
 [  2.62960094e+05]
 [  1.82836859e+05]
 [  3.33077148e+03]
 [ -1.23204473e+04]
 [  2.38896344e+05]
 [ -1.23204473e+04]
 [  3.37908545e+03]
 [  2.11103984e+05]
 [  3.41938452e+03]
 [ -1.23069463e+04]
 [  2.13197609e+05]
 [  4.35550244e+03]
 [  7.17109131e+03]
 [  3.46689893e+03]
 [  1.92120562e+05]
 [  1.31419156e+05]
 [ -5.21238037e+03]
 [  3.54762695e+03]
 [ -3.64126099e+03]
 [  2.14823234e+05]
 [  2.38474844e+05]
 [  2.00773145e+03]
 [  2.21070641e+05]
 [  2.10385078e+05]
 [ -1.23069463e+04]
 [ -1.23483242e+04]
 [  1.98740527e+03]
 [  7.11591504e+03]
 [ -1.21902520e+04]
 [  2.05009824e+04]
 [  3.46689893e+03]
 [  6.73909082e+03]
 [  7.37164844e+04]
 [ -1.23204473e+04]
 [  2.03304150e+03]
 [  1.79070762e+04]
 [ -3.83697217e+03]
 [  3.46689893e+03]
 [  2.82487531e+05]
 [  3.50725366e+03]
 [ -2.11953086e+04]
 [  1.56673047e+03]
 [ -1.23204473e+04]
 [  1.83907031e+05]
 [ -5.25585938e+03]
 [  3.12920703e+04]
 [  2.20673375e+05]
 [  2.35349805e+04]
 [ -5.27257764e+03]
 [  1.78054355e+04]
 [  7.09638818e+03]
 [  3.41938452e+03]
 [  9.82539062e+03]
 [  3.46689893e+03]
 [  6.53709424e+03]
 [  3.88249683e+03]
 [ -5.19566211e+03]
 [  2.25580594e+05]
 [  3.46689893e+03]
 [  3.29037964e+03]
 [  2.00773145e+03]
 [  2.36430203e+05]
 [  2.17414875e+05]
 [ -3.78893701e+03]
 [  1.67593281e+04]
 [  1.78054355e+04]
 [  2.04769688e+05]
 [ -1.23204473e+04]
 [  2.76256188e+05]
 [  3.41938452e+03]
 [  2.03304150e+03]
 [ -5.25585938e+03]
 [  2.79310312e+05]
 [  1.93905469e+05]
 [  1.72649609e+04]
 [  2.03304150e+03]
 [  1.07443818e+04]
 [  3.50725366e+03]
 [  3.37908545e+03]
 [  2.72921312e+05]
 [  1.94149023e+03]
 [  3.41938452e+03]
 [  1.92000250e+05]
 [  1.56673047e+03]
 [  5.82414141e+04]
 [  6.90897119e+03]
 [  4.54318018e+03]
 [  3.41938452e+03]
 [  1.77722516e+05]
 [  1.66622094e+05]
 [ -1.78927656e+04]
 [  7.06142422e+04]
 [  3.55391260e+03]
 [  6.76962500e+04]
 [  1.78054355e+04]
 [  3.37908545e+03]
 [ -5.27257764e+03]
 [ -5.21238037e+03]
 [  1.87511877e+03]
 [  2.03304150e+03]
 [ -3.97003320e+04]
 [  2.03304150e+03]
 [  2.50350734e+05]
 [  2.03304150e+03]
 [  9.48031152e+03]
 [  1.96713501e+03]
 [  1.10651455e+04]
 [  2.68460117e+04]
 [  9.72437378e+02]
 [  9.01896797e+04]
 [  3.37908545e+03]
 [  3.42492627e+03]
 [ -5.21238037e+03]
 [ -1.23344316e+04]
 [ -3.85307690e+03]
 [  1.40071074e+04]
 [  3.50725366e+03]
 [  8.84361816e+03]
 [ -1.23069463e+04]
 [  3.41938452e+03]
 [  2.69335438e+05]
 [  8.21740859e+04]
 [  1.99522047e+05]
 [  6.50579590e+03]
 [  4.02866172e+04]
 [  3.54762695e+03]
 [  9.08820996e+03]
 [ -5.27257764e+03]
 [ -1.23204473e+04]
 [ -5.27257764e+03]
 [  2.18406406e+05]
 [  2.72991188e+05]
 [ -5.25585938e+03]
 [  6.45815137e+03]
 [  3.55391260e+03]
 [ -3.88686694e+03]
 [  2.04317949e+04]
 [ -5.27257764e+03]
 [  2.01278967e+03]
 [  2.01278967e+03]
 [  2.09145500e+05]
 [  3.46689893e+03]
 [  1.86045859e+05]
 [  2.56601211e+04]
 [  2.37635977e+04]
 [  1.94295078e+05]
 [  1.01900527e+04]
 [ -5.25585938e+03]
 [  2.35351125e+05]
 [  1.98740527e+03]
 [  6.64179321e+02]
 [  3.50725366e+03]
 [  3.63456641e+03]
 [  5.66129062e+04]
 [ -4.03193945e+03]
 [ -1.23069463e+04]
 [ -1.23204473e+04]
 [ -3.78893701e+03]
 [  3.41938452e+03]
 [ -1.23204473e+04]
 [  6.98534766e+03]
 [  2.14806781e+05]
 [ -3.81262915e+03]
 [ -1.04825225e+04]
 [  2.03304150e+03]
 [ -5.29948730e+03]
 [  1.96713501e+03]
 [  1.56673047e+03]
 [  1.96713501e+03]
 [  1.56673047e+03]
 [  2.57118312e+05]
 [  2.11624016e+05]
 [  3.63456641e+03]
 [  2.30641109e+05]
 [ -3.76277148e+03]
 [  1.98740527e+03]
 [ -3.76277148e+03]
 [  3.50725366e+03]
 [  2.72204188e+05]
 [  3.55391260e+03]
 [ -3.71466211e+03]
 [ -1.23483242e+04]
 [  2.79202156e+05]
 [  1.56673047e+03]
 [ -5.25585938e+03]
 [  2.45895812e+05]
 [  4.75646484e+02]
 [  1.98740527e+03]
 [  1.61435657e+03]
 [  1.78562051e+04]
 [  3.63999658e+03]
 [  1.98740527e+03]
 [ -1.23204473e+04]
 [  2.10462078e+05]
 [ -1.23483242e+04]
 [  5.83309570e+04]
 [  1.78860430e+04]
 [  3.59419287e+03]
 [  1.87860742e+04]
 [  5.94529297e+03]
 [ -1.23617881e+04]
 [  2.38978688e+05]
 [  2.89499344e+05]
 [ -1.23069463e+04]
 [  7.25804883e+03]
 [  3.50725366e+03]
 [  2.00773145e+03]
 [  2.03304150e+03]
 [ -3.76277148e+03]
 [ -1.23204473e+04]
 [ -1.23204473e+04]
 [  2.67891250e+05]
 [ -1.23204473e+04]
 [ -5.31616846e+03]
 [  1.68210413e+03]
 [  2.32851359e+05]
 [ -3.71466211e+03]
 [  1.08107617e+04]
 [ -1.23069463e+04]
 [ -3.74079028e+03]
 [  1.32223848e+04]
 [ -1.23204473e+04]
 [  3.33705713e+03]
 [  1.61435657e+03]
 [  2.03304150e+03]
 [  2.03304150e+03]
 [  3.37112622e+03]
 [  1.79367930e+04]
 [ -1.23204473e+04]
 [  3.37908545e+03]
 [  2.13852672e+05]
 [  2.31821547e+05]
 [  2.03304150e+03]
 [  2.24292984e+05]
 [  1.96713501e+03]
 [  1.33997412e+04]
 [  3.41938452e+03]
 [  3.42492627e+03]
 [  3.46689893e+03]
 [  2.04407219e+05]
 [ -1.23069463e+04]
 [  1.78334141e+04]
 [ -1.23069463e+04]
 [  2.22553359e+04]
 [ -1.23204473e+04]
 [  2.01278967e+03]
 [  3.46689893e+03]
 [ -5.25585938e+03]
 [  3.63456641e+03]
 [  2.07530609e+05]
 [  9.73495156e+04]
 [ -6.39456934e+03]
 [  9.80392090e+03]
 [  1.98740527e+03]
 [  2.33417531e+05]
 [  1.78702406e+05]
 [  1.98740527e+03]
 [  1.98740527e+03]
 [  2.00773145e+03]
 [ -3.86925430e+04]
 [  1.80147453e+05]
 [  3.29611641e+04]
 [  2.23569953e+05]
 [  3.41938452e+03]
 [ -1.23069463e+04]
 [  4.15867578e+03]
 [  2.20102828e+05]
 [ -1.23204473e+04]
 [  2.83937656e+05]
 [ -5.25585938e+03]
 [  2.03897188e+05]
 [  1.61435657e+03]
 [ -8.80337500e+03]
 [  3.46689893e+03]
 [  3.46689893e+03]
 [  2.01278967e+03]
 [  8.33936016e+04]
 [  2.03304150e+03]
 [ -1.23617881e+04]
 [  1.78201465e+04]
 [  6.62866406e+03]
 [  8.05421094e+04]
 [  2.72646688e+05]
 [  6.34187500e+04]
 [ -3.78893701e+03]
 [  3.37908545e+03]
 [ -1.23204473e+04]
 [  1.78943750e+05]
 [  3.45975781e+03]
 [  6.88174561e+03]
 [ -1.23069463e+04]
 [  1.78562051e+04]
 [  1.80123203e+05]
 [  1.54640442e+03]
 [ -1.01011045e+04]
 [  2.78538105e+04]
 [ -5.27257764e+03]
 [  2.02794734e+05]
 [  3.41938452e+03]
 [ -3.76277148e+03]
 [  1.78054355e+04]
 [  2.45585859e+05]
 [  1.54640442e+03]
 [  2.03840391e+04]
 [  2.04609812e+05]
 [  2.03304150e+03]
 [  1.98740527e+03]
 [ -1.23617881e+04]
 [  2.03304150e+03]
 [  3.55391260e+03]
 [  3.63456641e+03]
 [  1.77701625e+05]
 [  1.98221938e+05]
 [  2.03304150e+03]
 [  2.03304150e+03]
 [  7.92886719e+02]
 [  2.01278967e+03]
 [ -1.23483242e+04]
 [  1.77528164e+04]
 [  2.12640953e+05]
 [  3.46689893e+03]
 [  2.01278967e+03]
 [ -5.25585938e+03]
 [  3.42492627e+03]
 [  1.76742328e+05]
 [ -1.23204473e+04]
 [  1.98740527e+03]
 [  2.99868219e+05]
 [ -1.22934453e+04]
 [  1.61435657e+03]
 [  2.60337688e+05]
 [ -4.19604570e+04]
 [ -5.25585938e+03]
 [  2.47654016e+05]
 [  2.66915156e+05]
 [  1.56673047e+03]
 [  3.41938452e+03]
 [  1.62916875e+04]
 [  1.78054355e+04]
 [  3.01671719e+05]
 [  2.05322812e+05]
 [  1.59631221e+04]
 [  2.53353906e+05]
 [  1.56673047e+03]
 [  5.67595752e+03]
 [ -1.23483242e+04]
 [  1.78562051e+04]
 [  1.56673047e+03]
 [ -5.21238037e+03]
 [  8.78356934e+03]
 [  3.85092148e+04]
 [  1.15396375e+05]
 [  1.94636453e+05]
 [ -1.23069463e+04]
 [  9.62969824e+03]
 [  4.53011758e+04]
 [ -1.36381875e+04]
 [  3.95587915e+03]
 [  2.05809750e+05]
 [  2.02050094e+05]
 [ -2.35289082e+04]
 [  3.06230719e+05]
 [  1.43552875e+05]
 [  1.79367930e+04]
 [ -1.22792559e+04]
 [ -5.23910400e+03]
 [  2.55748656e+05]
 [  4.79124727e+04]
 [  2.66190781e+05]
 [  2.14645953e+05]
 [ -1.23204473e+04]
 [ -1.23204473e+04]
 [  1.72928381e+03]
 [  3.13445684e+04]
 [  2.60606938e+05]
 [  1.99177594e+05]
 [  3.72068750e+03]
 [ -5.21238037e+03]
 [  1.41401094e+05]
 [ -5.19566211e+03]
 [  2.78182062e+05]
 [  2.34197359e+05]
 [  8.37202576e+02]
 [  2.72812094e+05]
 [  1.82297375e+03]
 [  3.33077148e+03]
 [  1.77528164e+04]
 [  7.27380029e+03]
 [  1.56673047e+03]
 [ -3.88686694e+03]
 [  2.98885938e+05]
 [  3.55391260e+03]
 [  2.61242016e+05]
 [ -3.76277148e+03]
 [  7.34836016e+04]
 [  5.56380127e+03]
 [ -1.23069463e+04]
 [ -1.23204473e+04]
 [  2.13756141e+05]
 [  8.95042773e+03]
 [  2.03304150e+03]
 [  3.29037964e+03]
 [  2.78392719e+05]
 [  1.78860430e+04]
 [  2.91413208e+03]
 [  2.03304150e+03]
 [  2.81083562e+05]
 [  8.87722168e+03]
 [  2.78706000e+05]
 [  1.96713501e+03]
 [  2.71821969e+05]
 [  2.03304150e+03]
 [ -1.23204473e+04]
 [  1.78860430e+04]
 [  2.01985219e+05]
 [  1.89537048e+03]
 [  1.98740527e+03]
 [  1.92262188e+05]
 [  6.45301855e+03]
 [ -1.23069463e+04]
 [  1.78054355e+04]
 [  3.50725366e+03]
 [  6.51606152e+03]
 [  2.12672062e+05]
 [  2.74926844e+05]
 [  2.03304150e+03]
 [  1.61173250e+05]
 [ -2.68074238e+04]
 [ -5.25585938e+03]
 [  2.07828641e+05]
 [ -5.27257764e+03]
 [  1.04094746e+04]
 [ -1.23204473e+04]
 [  1.93196875e+03]
 [  3.41938452e+03]
 [  1.63477563e+03]
 [  1.98574609e+05]
 [  2.77884312e+05]
 [  1.96713501e+03]
 [  4.57563135e+03]
 [  1.79367930e+04]
 [  3.50725366e+03]
 [  3.50725366e+03]
 [ -1.23204473e+04]
 [  1.78562051e+04]
 [  2.42765984e+05]
 [  2.50041719e+04]
 [  2.00555266e+05]
 [  1.76465531e+05]
 [  2.12683250e+05]
 [  1.17931227e+05]
 [  2.56949922e+05]
 [  3.37908545e+03]
 [  3.46689893e+03]
 [  2.47890688e+05]
 [  3.30550531e+05]
 [ -3.71466211e+03]
 [  6.50043994e+03]
 [  1.78054355e+04]
 [  2.56460815e+03]
 [  1.98740527e+03]
 [  2.94260273e+04]
 [  1.31677295e+04]
 [  2.78452832e+04]
 [ -1.23204473e+04]
 [  2.14051438e+05]
 [  1.61435657e+03]
 [  1.15528525e+04]
 [ -5.27257764e+03]
 [  1.77528164e+04]
 [ -3.88686694e+03]
 [  1.08794951e+04]
 [  1.96999594e+05]
 [  4.50500098e+03]
 [  2.63232000e+05]
 [ -1.23204473e+04]
 [ -1.23069463e+04]
 [  1.79876562e+04]
 [  3.55391260e+03]
 [  7.57962207e+03]
 [  2.49677156e+05]
 [ -1.22934453e+04]
 [  3.37908545e+03]
 [  2.03304150e+03]
 [  2.63981031e+05]
 [  7.45827930e+03]
 [  1.78562051e+04]
 [  3.46689893e+03]
 [  1.44489551e+04]
 [  2.07236219e+05]
 [  1.53727734e+05]
 [ -3.66651538e+03]
 [  1.56673047e+03]
 [  3.46689893e+03]
 [  1.05432859e+05]
 [  1.56673047e+03]
 [  2.57437797e+05]
 [ -1.23069463e+04]
 [  1.22463486e+04]
 [ -5.23910400e+03]
 [ -3.78893701e+03]
 [ -5.19566211e+03]
 [  1.31519404e+04]
 [  2.45560844e+05]
 [ -1.23069463e+04]
 [  2.49665078e+05]
 [  1.96713501e+03]
 [  5.20676416e+03]
 [ -4.15339404e+03]
 [  3.46689893e+03]
 [  2.65340594e+05]
 [  1.15680645e+04]
 [ -5.23910400e+03]
 [  1.32955719e+05]
 [  1.63477563e+03]
 [  2.45332578e+04]
 [  6.53162646e+03]
 [  3.59419287e+03]
 [  1.98740527e+03]
 [  3.37908545e+03]
 [  3.10433027e+04]
 [  3.03983719e+05]
 [  3.50725366e+03]
 [ -1.23069463e+04]
 [ -1.23069463e+04]
 [  1.98740527e+03]] 
real_y:
 [      0.  182000.  262000.   30000.       0.       0.  259000.       0.
       0.   16000.       0.   18000.       0.       0.  236000.   32000.
       0.   46000.       0.  258000.       0.       0.   22000.  261000.
  212000.  228000.       0.       0.       0.   23000.   12000.   28000.
       0.  257000.       0.   14000.       0.       0.   10000.       0.
       0.       0.  166000.       0.       0.  259000.   18000.       0.
       0.  260000.   30000.  234000.  229000.       0.       0.   80000.
       0.  259000.    7000.       0.  238000.  213000.  223000.       0.
       0.       0.    4000.   14000.       0.   10000.       0.       0.
   40000.       0.  258000.    6000.       0.  203000.       0.  260000.
  256000.  212000.  250000.       0.    7000.  253000.       0.       0.
       0.  225000.  196000.       0.       0.       0.   56000.       0.
       0.       0.   22000.    6000.  232000.       0.       0.       0.
       0.  209000.    5000.  236000.       0.  238000.       0.       0.
       0.       0.   22000.       0.       0.       0.  232000.       0.
   16000.  254000.   17000.       0.       0.       0.  260000.       0.
       0.  221000.       0.       0.       0.       0.       0.       0.
  234000.       0.       0.       0.       0.  262000.  264000.   17000.
  200000.  232000.       0.       0.   40000.       0.       0.   22000.
  247000.       0.       0.       0.       0.   26000.  266000.  262000.
       0.   10000.  192000.       0.    9000.       0.   17000.       0.
       0.       0.  201000.       0.       0.  262000.       0.       0.
   10000.       0.       0.       0.       0.       0.  170000.       0.
  165000.    6000.  229000.       0.       0.  238000.       0.  215000.
       0.  251000.       0.       0.       0.  242000.       0.       0.
  200000.  230000.       0.       0.       0.  240000.       0.  230000.
       0.  261000.       0.       0.  231000.       0.       0.   66000.
       0.       0.   26000.  222000.  238000.  258000.       0.       0.
   20000.       0.       0.  261000.    6000.       0.   20000.  250000.
       0.       0.  228000.    5000.       0.       0.       0.       0.
  261000.       0.       0.       0.       0.       0.   18000.       0.
  199000.  216000.  257000.       0.  212000.       0.   27000.  264000.
       0.   22000.  197000.  245000.       0.   61000.       0.       0.
       0.       0.  207000.   86000.  278000.   22000.       0.  250000.
       0.       0.       0.  179000.       0.       0.       0.  235000.
       0.    2000.  245000.   16000.       0.       0.       0.       0.
  110000.  248000.       0.       0.       0.       0.   18000.  247000.
   28000.       0.  255000.  245000.       0.  260000.   32000.       0.
       0.       0.  263000.       0.   22000.       0.  209000.       0.
  261000.       0.   17000.  256000.       0.       0.       0.       0.
       0.       0.       0.       0.       0.       0.       0.    5000.
   29000.       0.  255000.  240000.       0.  247000.  243000.       0.
       0.  144000.    6000.  286000.  238000.       0.       0.       0.
  232000.  180000.       0.       0.       0.   17000.       0.    6000.
       0.    8000.    5000.  154000.       0.    9000.   20000.  258000.
       0.       0.  237000.  180000.       0.       0.  210000.  206000.
       0.       0.  258000.       0.       0.  210000.       0.       0.
  254000.       0.       0.       0.  186000.   68000.       0.       0.
       0.  207000.  243000.       0.  214000.  260000.       0.       0.
       0.       0.       0.   30000.       0.       0.   30000.       0.
       0.       0.       0.       0.  264000.       0.   60000.       0.
       0.  217000.       0.   36000.  219000.   29000.       0.       0.
       0.       0.   20000.       0.       0.   12000.       0.  218000.
       0.       0.       0.  240000.  231000.       0.    8000.       0.
  261000.       0.  248000.       0.       0.       0.  264000.  180000.
   26000.       0.    3000.       0.       0.  249000.       0.       0.
  223000.       0.   37000.       0.       0.       0.  193000.  166000.
       0.   46000.       0.   40000.       0.       0.       0.       0.
       0.       0.       0.       0.  229000.       0.    5000.       0.
   18000.   34000.       0.   24000.       0.       0.       0.       0.
   17000.   20000.       0.   48000.       0.       0.  244000.   58000.
  188000.       0.   24000.       0.   17000.       0.       0.       0.
  197000.  263000.       0.       0.       0.       0.       0.       0.
       0.       0.  253000.       0.  196000.   16000.   10000.  203000.
   18000.       0.  247000.       0.       0.       0.       0.   26000.
       0.       0.       0.       0.       0.       0.       0.  224000.
       0.   18000.       0.       0.       0.       0.       0.       0.
  264000.  188000.       0.  253000.       0.       0.       0.       0.
  264000.       0.       0.       0.  263000.       0.       0.  255000.
   10000.       0.       0.       0.       0.       0.       0.  225000.
       0.  124000.       0.       0.   29000.       0.       0.  206000.
  245000.       0.   18000.       0.       0.       0.       0.       0.
       0.  261000.       0.       0.       0.  241000.       0.   11000.
       0.       0.    8000.       0.       0.       0.       0.       0.
       0.       0.       0.       0.  208000.  208000.       0.  239000.
       0.   20000.       0.       0.       0.  194000.       0.       0.
       0.   24000.       0.       0.       0.       0.       0.  234000.
   61000.       0.   18000.       0.  246000.  204000.       0.       0.
       0.       0.  218000.   18000.  203000.       0.       0.       0.
  190000.       0.  260000.       0.  259000.       0.    6000.       0.
       0.       0.   38000.       0.       0.   21000.       0.   40000.
  239000.   30000.       0.       0.       0.  222000.       0.       0.
       0.       0.  219000.       0.   10000.   14000.       0.  190000.
       0.       0.       0.  225000.       0.       0.  205000.       0.
       0.       0.       0.       0.       0.  198000.  191000.       0.
       0.       0.       0.       0.       0.  184000.       0.       0.
       0.       0.  204000.       0.       0.  312000.       0.       0.
  263000.       0.       0.  229000.  257000.       0.       0.   20000.
       0.  245000.  224000.   18000.  202000.       0.   19000.       0.
       0.       0.       0.   15000.   26000.   51000.  202000.       0.
    6000.   78000.       0.       0.  202000.  189000.   10000.  218000.
  147000.       0.       0.       0.  247000.   40000.  264000.  198000.
       0.       0.       0.   34000.  251000.  211000.       0.       0.
   59000.       0.  245000.  253000.   12000.  243000.       0.       0.
       0.   17000.       0.       0.  263000.       0.  262000.       0.
   56000.       0.       0.       0.  256000.    2000.       0.       0.
  252000.       0.       0.       0.  243000.   19000.  236000.       0.
  255000.       0.       0.       0.  177000.       0.       0.  183000.
       0.       0.       0.       0.       0.  180000.  233000.       0.
  213000.       0.       0.  260000.       0.    4000.       0.   13000.
       0.       0.  196000.  259000.       0.       0.       0.       0.
       0.       0.       0.  234000.   12000.  208000.  172000.  229000.
   50000.  263000.       0.       0.  255000.  248000.       0.       0.
       0.       0.       0.   34000.    5000.   14000.       0.  235000.
       0.    4000.       0.       0.       0.    3000.  190000.    8000.
  249000.       0.       0.       0.       0.       0.  259000.       0.
       0.       0.  245000.       0.       0.       0.   24000.  228000.
  164000.       0.       0.       0.   56000.       0.  248000.       0.
   19000.       0.       0.       0.   15000.  259000.       0.  249000.
       0.       0.       0.       0.  237000.    4000.       0.  147000.
       0.   36000.       0.       0.       0.       0.   30000.  236000.
       0.       0.       0.       0.]
